0 1.204203e+05 3.642103e+00
1 1.142889e+05 3.318538e+00
2 1.146553e+05 1.403503e+01
3 1.200415e+05 3.888800e+00
4 1.143352e+05 2.455418e+00
5 1.157248e+05 5.306616e+00
6 1.132902e+05 1.008935e+01
7 1.182103e+05 5.096323e+00
8 1.183691e+05 2.691349e+00
9 1.144975e+05 2.084713e+00
10 1.113642e+05 3.987289e+00
11 1.168760e+05 1.452306e+00
12 1.122060e+05 1.399731e+01
13 1.100156e+05 1.796482e+01
14 1.164018e+05 1.040034e+01
15 1.076586e+05 3.106013e+01
16 1.060049e+05 2.663699e+01
17 1.089158e+05 3.001909e+01
18 1.090003e+05 2.395882e+01
19 1.045750e+05 2.793081e+01
20 1.089046e+05 6.956493e+01
21 1.095456e+05 2.652405e+01
22 1.068763e+05 3.017314e+01
23 1.037993e+05 5.709227e+01
24 1.094890e+05 6.494180e+01
25 1.051497e+05 6.230163e+01
26 1.077059e+05 4.352689e+01
27 1.087053e+05 8.120193e+01
28 1.040702e+05 7.795469e+01
29 1.086542e+05 5.364882e+01
30 1.042595e+05 1.007541e+02
31 1.030500e+05 1.260050e+02
32 1.009191e+05 1.031776e+02
33 1.043427e+05 1.157281e+02
34 1.077395e+05 9.340335e+01
35 1.076235e+05 1.073765e+02
36 1.069863e+05 1.052709e+02
37 1.026213e+05 1.495844e+02
38 1.091132e+05 8.936745e+01
39 1.056239e+05 1.056381e+02
40 9.370677e+04 1.425845e+02
41 9.781123e+04 1.813158e+02
42 9.415970e+04 1.011151e+02
43 9.757903e+04 1.454124e+02
44 9.391101e+04 1.130556e+02
45 8.912719e+04 2.266885e+02
46 9.072083e+04 1.741493e+02
47 8.671554e+04 2.376518e+02
48 8.996558e+04 1.963674e+02
49 9.847528e+04 2.031001e+02
50 8.808834e+04 2.835504e+02
51 9.056040e+04 2.061077e+02
52 8.507185e+04 2.374639e+02
53 8.113925e+04 2.635835e+02
54 8.042842e+04 2.670741e+02
55 8.874659e+04 2.141129e+02
56 7.781807e+04 2.960221e+02
57 8.009966e+04 3.349701e+02
58 8.099437e+04 2.260711e+02
59 8.007929e+04 2.847115e+02
60 7.235277e+04 4.609250e+02
61 7.522952e+04 3.507294e+02
62 7.970760e+04 2.556449e+02
63 7.320095e+04 3.279723e+02
64 7.384436e+04 4.106862e+02
65 7.097121e+04 4.741597e+02
66 7.385075e+04 3.302074e+02
67 7.355131e+04 4.056642e+02
68 6.820642e+04 4.695516e+02
69 7.070565e+04 4.235790e+02
70 6.622432e+04 6.035017e+02
71 7.013067e+04 4.780773e+02
72 6.887480e+04 4.550466e+02
73 6.871541e+04 4.827748e+02
74 6.805367e+04 4.563247e+02
75 6.480610e+04 5.631655e+02
76 6.802577e+04 4.724205e+02
77 6.651539e+04 4.648137e+02
78 6.503713e+04 5.661188e+02
79 6.649087e+04 4.932503e+02
80 6.094818e+04 6.407726e+02
81 6.296662e+04 6.847092e+02
82 6.510725e+04 6.239849e+02
83 6.234697e+04 6.395780e+02
84 6.428511e+04 5.216715e+02
85 5.889651e+04 6.991985e+02
86 6.100698e+04 6.803302e+02
87 6.024782e+04 6.289428e+02
88 5.911893e+04 6.762693e+02
89 5.947392e+04 7.703502e+02
90 5.853423e+04 7.274064e+02
91 5.797333e+04 8.903014e+02
92 5.436835e+04 8.529434e+02
93 5.807614e+04 8.171771e+02
94 6.000183e+04 7.180928e+02
95 5.693506e+04 7.375847e+02
96 5.086386e+04 1.063311e+03
97 5.346798e+04 9.116878e+02
98 5.214976e+04 1.004058e+03
99 5.297312e+04 9.218622e+02
100 5.041569e+04 1.033403e+03
101 4.960001e+04 1.120867e+03
102 4.924644e+04 1.088852e+03
103 5.103005e+04 1.092471e+03
104 5.293609e+04 9.150912e+02
105 4.898440e+04 1.236894e+03
106 4.895709e+04 1.166842e+03
107 4.806140e+04 1.135933e+03
108 4.895587e+04 1.230314e+03
109 5.049319e+04 1.073751e+03
110 4.649265e+04 1.150869e+03
111 4.816969e+04 1.150814e+03
112 4.629182e+04 1.179057e+03
113 4.910974e+04 1.217514e+03
114 4.561094e+04 1.300509e+03
115 4.235183e+04 1.537506e+03
116 4.425365e+04 1.398170e+03
117 4.691129e+04 1.282453e+03
118 4.205633e+04 1.528527e+03
119 4.348140e+04 1.510646e+03
120 4.211456e+04 1.537170e+03
121 4.143673e+04 1.621673e+03
122 4.134617e+04 1.547492e+03
123 4.475861e+04 1.405759e+03
124 4.140358e+04 1.571789e+03
125 4.268119e+04 1.484860e+03
126 4.135060e+04 1.471601e+03
127 4.061176e+04 1.653245e+03
128 4.074690e+04 1.782716e+03
129 4.111752e+04 1.615491e+03
130 3.655204e+04 1.915040e+03
131 3.806301e+04 1.795229e+03
132 3.781518e+04 1.759810e+03
133 4.000439e+04 1.702054e+03
134 3.891958e+04 1.807510e+03
135 3.931027e+04 1.851237e+03
136 3.767712e+04 1.946956e+03
137 3.655353e+04 2.015992e+03
138 3.760496e+04 1.851674e+03
139 3.623205e+04 1.967763e+03
140 3.488726e+04 2.175039e+03
141 3.612333e+04 2.237972e+03
142 3.753152e+04 1.995015e+03
143 3.508160e+04 2.210119e+03
144 3.672925e+04 2.049511e+03
145 3.800441e+04 2.121108e+03
146 3.611659e+04 2.088700e+03
147 3.563670e+04 2.398283e+03
148 3.534214e+04 2.238283e+03
149 3.379129e+04 2.375763e+03
150 3.556187e+04 2.377954e+03
151 3.573421e+04 2.411503e+03
152 3.534850e+04 2.360224e+03
153 3.413754e+04 2.500760e+03
154 3.469789e+04 2.567710e+03
155 3.646774e+04 2.748467e+03
156 3.381632e+04 2.774759e+03
157 3.356432e+04 2.605214e+03
158 3.449077e+04 2.742326e+03
159 3.594062e+04 2.879605e+03
160 3.442662e+04 2.838217e+03
161 3.336335e+04 2.873540e+03
162 3.490203e+04 2.891893e+03
163 3.512380e+04 2.636468e+03
164 3.591418e+04 2.858095e+03
165 3.509141e+04 3.188053e+03
166 3.878653e+04 3.069326e+03
167 3.369216e+04 2.942936e+03
168 3.546404e+04 3.103929e+03
169 3.482271e+04 2.924045e+03
170 3.551695e+04 3.387918e+03
171 3.434838e+04 3.257805e+03
172 3.867712e+04 3.401828e+03
173 3.456109e+04 3.117388e+03
174 3.662315e+04 3.186296e+03
175 3.501122e+04 3.706802e+03
176 3.536470e+04 3.417607e+03
177 3.640117e+04 3.436775e+03
178 3.539795e+04 3.507810e+03
179 3.755188e+04 3.520735e+03
180 3.531508e+04 3.722026e+03
181 3.580986e+04 3.638499e+03
182 3.310262e+04 3.656599e+03
183 3.591490e+04 3.910352e+03
184 3.421355e+04 3.656310e+03
185 3.513716e+04 3.710331e+03
186 3.782216e+04 4.061298e+03
187 3.973873e+04 3.965626e+03
188 3.805195e+04 4.113879e+03
189 3.826027e+04 3.980524e+03
190 4.120250e+04 4.076808e+03
191 4.400081e+04 4.298800e+03
192 3.927737e+04 4.249807e+03
193 3.596619e+04 4.235428e+03
194 4.044271e+04 4.266301e+03
195 4.126271e+04 4.472741e+03
196 3.902644e+04 4.267112e+03
197 3.946728e+04 4.357048e+03
198 4.472725e+04 4.325981e+03
199 4.450515e+04 4.562585e+03
200 4.526444e+04 4.552708e+03
201 4.524879e+04 4.621986e+03
202 4.685308e+04 4.714403e+03
203 4.878474e+04 4.609032e+03
204 4.431890e+04 4.694705e+03
205 4.481229e+04 4.855236e+03
206 4.754973e+04 4.858374e+03
207 4.603457e+04 5.359886e+03
208 4.370611e+04 4.616863e+03
209 5.026540e+04 4.993465e+03
210 4.949301e+04 5.255329e+03
211 5.236738e+04 5.484015e+03
212 4.625110e+04 4.990844e+03
213 4.923101e+04 5.415522e+03
214 4.531121e+04 5.060112e+03
215 5.123231e+04 5.510051e+03
216 5.205158e+04 5.305729e+03
217 5.425391e+04 5.453679e+03
218 5.437273e+04 5.375619e+03
219 4.880140e+04 5.333764e+03
220 5.551114e+04 5.980301e+03
221 6.100260e+04 5.701725e+03
222 5.195813e+04 5.517256e+03
223 5.498045e+04 5.484047e+03
224 5.507842e+04 5.972544e+03
225 5.875172e+04 6.227373e+03
226 6.199816e+04 6.013340e+03
227 6.284769e+04 5.973657e+03
228 6.290675e+04 5.992060e+03
229 5.552937e+04 5.915987e+03
230 6.223903e+04 6.418277e+03
231 6.366181e+04 6.451481e+03
232 6.956768e+04 6.886600e+03
233 6.978521e+04 6.497382e+03
234 7.052228e+04 6.601853e+03
235 6.454060e+04 6.404202e+03
236 7.603297e+04 6.907469e+03
237 6.407080e+04 6.538873e+03
238 6.676703e+04 6.470357e+03
239 6.573103e+04 6.466197e+03
240 8.113908e+04 7.658690e+03
241 7.534524e+04 7.380562e+03
242 7.481310e+04 6.559140e+03
243 6.842648e+04 6.911319e+03
244 7.579120e+04 7.276594e+03
245 7.516461e+04 7.234691e+03
246 7.166067e+04 7.301965e+03
247 8.133461e+04 7.128810e+03
248 7.204324e+04 6.912296e+03
249 8.168333e+04 7.505683e+03
250 7.989993e+04 7.740365e+03
251 7.900776e+04 7.446749e+03
252 7.798294e+04 7.261661e+03
253 7.383782e+04 7.008458e+03
254 8.218441e+04 7.619799e+03
255 8.467467e+04 7.874319e+03
256 8.752578e+04 8.163857e+03
257 8.303197e+04 7.577313e+03
258 8.151059e+04 7.715550e+03
259 8.481561e+04 7.973505e+03
260 8.935925e+04 8.238087e+03
261 8.954775e+04 8.232325e+03
262 8.706543e+04 8.073711e+03
263 8.759121e+04 8.133074e+03
264 8.727121e+04 8.324423e+03
265 1.001976e+05 8.921439e+03
266 1.054191e+05 8.986327e+03
267 9.840884e+04 8.844648e+03
268 9.272598e+04 8.445207e+03
269 1.002899e+05 9.179747e+03
270 1.022281e+05 8.603105e+03
271 9.673842e+04 8.360577e+03
272 1.031449e+05 9.030015e+03
273 1.059024e+05 8.812165e+03
274 9.475633e+04 8.628391e+03
275 1.085678e+05 9.051222e+03
276 1.069411e+05 9.303912e+03
277 1.102647e+05 9.436228e+03
278 1.037837e+05 9.500304e+03
279 1.052780e+05 9.357793e+03
280 1.101323e+05 9.518950e+03
281 1.238860e+05 1.017488e+04
282 1.119867e+05 9.838180e+03
283 1.050923e+05 9.438392e+03
284 1.112917e+05 9.483842e+03
285 1.211099e+05 1.010410e+04
286 1.188793e+05 1.010601e+04
287 1.149917e+05 9.992489e+03
288 1.202725e+05 9.806459e+03
289 1.124274e+05 9.948193e+03
290 1.209282e+05 1.023504e+04
291 1.201417e+05 9.856475e+03
292 1.205973e+05 1.064008e+04
293 1.223520e+05 1.064256e+04
294 1.136449e+05 9.913896e+03
295 1.227432e+05 1.089842e+04
296 1.338901e+05 1.091531e+04
297 1.311168e+05 1.078796e+04
298 1.190821e+05 1.063758e+04
299 1.303541e+05 1.102482e+04
300 1.418169e+05 1.169361e+04
301 1.362296e+05 1.130829e+04
302 1.229764e+05 1.113372e+04
303 1.196408e+05 1.100287e+04
304 1.389960e+05 1.154860e+04
305 1.265087e+05 1.128519e+04
306 1.308212e+05 1.137590e+04
307 1.316655e+05 1.143216e+04
308 1.394539e+05 1.172616e+04
309 1.344947e+05 1.129505e+04
310 1.475090e+05 1.212238e+04
311 1.375233e+05 1.174506e+04
312 1.374715e+05 1.177380e+04
313 1.447201e+05 1.199733e+04
314 1.391135e+05 1.225032e+04
315 1.465596e+05 1.227672e+04
316 1.400235e+05 1.199468e+04
317 1.431043e+05 1.222651e+04
318 1.498128e+05 1.240391e+04
319 1.419909e+05 1.187558e+04
320 1.379745e+05 1.195018e+04
321 1.389073e+05 1.216769e+04
322 1.427434e+05 1.212642e+04
323 1.511410e+05 1.265877e+04
324 1.482281e+05 1.250435e+04
325 1.504874e+05 1.260742e+04
326 1.568464e+05 1.276212e+04
327 1.543437e+05 1.330541e+04
328 1.520596e+05 1.268687e+04
329 1.422387e+05 1.309477e+04
330 1.618879e+05 1.318514e+04
331 1.586099e+05 1.322204e+04
332 1.626824e+05 1.328227e+04
333 1.606728e+05 1.356009e+04
334 1.525625e+05 1.329259e+04
335 1.566642e+05 1.360393e+04
336 1.586970e+05 1.379127e+04
337 1.633425e+05 1.345120e+04
338 1.581771e+05 1.375777e+04
339 1.644413e+05 1.388104e+04
340 1.660694e+05 1.376157e+04
341 1.668861e+05 1.419440e+04
342 1.560086e+05 1.354651e+04
343 1.500372e+05 1.375090e+04
344 1.675959e+05 1.413267e+04
345 1.618194e+05 1.413048e+04
346 1.682986e+05 1.463541e+04
347 1.495610e+05 1.384844e+04
348 1.715745e+05 1.472477e+04
349 1.743856e+05 1.468162e+04
350 1.786370e+05 1.555718e+04
351 1.726459e+05 1.463534e+04
352 1.642118e+05 1.453554e+04
353 1.607467e+05 1.423261e+04
354 1.762543e+05 1.478855e+04
355 1.708143e+05 1.483030e+04
356 1.736273e+05 1.468978e+04
357 1.815731e+05 1.589164e+04
358 1.731535e+05 1.507105e+04
359 1.918956e+05 1.548337e+04
360 1.749339e+05 1.581347e+04
361 1.816779e+05 1.614581e+04
362 1.722149e+05 1.529184e+04
363 1.815944e+05 1.611317e+04
364 1.714943e+05 1.505938e+04
365 1.874798e+05 1.601899e+04
366 1.813736e+05 1.563794e+04
367 1.872716e+05 1.646085e+04
368 1.856673e+05 1.529857e+04
369 1.838597e+05 1.666344e+04
370 1.855963e+05 1.598980e+04
371 1.722097e+05 1.655289e+04
372 1.925485e+05 1.660119e+04
373 1.839061e+05 1.563313e+04
374 1.839858e+05 1.686567e+04
375 1.865604e+05 1.657416e+04
376 1.924500e+05 1.686640e+04
377 1.828287e+05 1.622002e+04
378 1.883943e+05 1.641512e+04
379 1.890938e+05 1.690771e+04
380 1.830191e+05 1.672273e+04
381 1.932514e+05 1.711791e+04
382 1.864980e+05 1.686596e+04
383 1.924513e+05 1.754633e+04
384 1.846625e+05 1.664816e+04
385 1.848643e+05 1.731762e+04
386 1.885384e+05 1.686807e+04
387 1.941354e+05 1.766701e+04
388 1.895454e+05 1.701418e+04
389 1.916330e+05 1.759646e+04
390 1.897179e+05 1.733692e+04
391 1.897070e+05 1.740208e+04
392 1.872314e+05 1.728359e+04
393 1.850434e+05 1.750505e+04
394 1.797612e+05 1.698329e+04
395 1.832671e+05 1.741567e+04
396 1.956120e+05 1.808190e+04
397 1.910943e+05 1.757605e+04
398 1.957113e+05 1.759981e+04
399 1.979915e+05 1.777010e+04
400 1.886902e+05 1.830167e+04
401 1.982936e+05 1.822272e+04
402 2.046309e+05 1.818723e+04
403 1.954346e+05 1.769167e+04
404 1.927908e+05 1.784994e+04
405 1.964488e+05 1.847666e+04
406 1.902033e+05 1.860616e+04
407 1.997579e+05 1.911434e+04
408 2.029735e+05 1.825189e+04
409 2.028806e+05 1.872812e+04
410 1.922566e+05 1.807634e+04
411 1.775516e+05 1.842757e+04
412 1.966571e+05 1.814071e+04
413 1.958554e+05 1.811728e+04
414 1.886485e+05 1.843994e+04
415 1.938669e+05 1.876404e+04
416 1.793076e+05 1.891871e+04
417 1.925447e+05 1.908174e+04
418 1.931631e+05 1.867391e+04
419 1.842972e+05 1.839040e+04
420 1.900282e+05 1.899267e+04
421 1.876751e+05 1.886436e+04
422 1.876522e+05 1.857546e+04
423 1.954421e+05 1.904070e+04
424 1.898996e+05 1.921524e+04
425 1.846599e+05 1.871436e+04
426 2.059226e+05 1.937153e+04
427 1.929462e+05 1.929561e+04
428 2.055593e+05 1.989274e+04
429 1.983229e+05 1.956433e+04
430 2.050396e+05 1.987725e+04
431 1.955284e+05 1.975945e+04
432 2.055205e+05 1.981259e+04
433 1.942384e+05 1.946430e+04
434 1.941932e+05 1.928064e+04
435 1.955689e+05 1.963603e+04
436 1.978589e+05 1.983701e+04
437 2.099468e+05 2.065181e+04
438 1.943141e+05 2.005655e+04
439 1.944334e+05 1.988862e+04
440 1.994492e+05 1.930306e+04
441 1.952662e+05 1.975228e+04
442 1.903734e+05 1.983360e+04
443 2.106589e+05 2.006043e+04
444 1.960464e+05 1.962252e+04
445 1.906622e+05 1.935286e+04
446 1.843647e+05 1.907017e+04
447 1.780478e+05 1.966771e+04
448 1.841947e+05 1.962412e+04
449 1.849287e+05 1.939639e+04
450 1.707193e+05 1.939606e+04
451 1.729798e+05 1.906960e+04
452 1.809094e+05 1.948751e+04
453 1.731930e+05 1.848827e+04
454 1.743449e+05 1.886731e+04
455 1.527540e+05 1.844911e+04
456 1.652772e+05 1.868654e+04
457 1.580037e+05 1.861880e+04
458 1.660614e+05 1.848662e+04
459 1.699656e+05 1.953060e+04
460 1.753664e+05 1.880508e+04
461 1.737031e+05 1.849611e+04
462 1.721662e+05 1.902653e+04
463 1.771727e+05 1.963879e+04
464 1.685110e+05 1.879046e+04
465 1.854755e+05 1.955792e+04
466 1.720267e+05 1.864992e+04
467 1.742621e+05 1.865033e+04
468 1.852546e+05 1.914693e+04
469 1.777058e+05 1.901469e+04
470 1.814767e+05 1.928748e+04
471 1.780441e+05 1.902609e+04
472 1.769797e+05 1.956158e+04
473 1.889868e+05 1.931709e+04
474 1.804572e+05 1.885077e+04
475 1.672076e+05 1.811088e+04
476 1.628389e+05 1.893806e+04
477 1.709415e+05 1.920246e+04
478 1.720878e+05 1.884057e+04
479 1.818601e+05 1.842036e+04
480 1.580741e+05 1.852621e+04
481 1.578016e+05 1.833676e+04
482 1.606154e+05 1.906575e+04
483 1.593621e+05 1.832657e+04
484 1.596512e+05 1.817399e+04
485 1.698070e+05 1.882052e+04
486 1.655754e+05 1.854528e+04
487 1.663068e+05 1.835265e+04
488 1.729286e+05 1.845457e+04
489 1.663850e+05 1.902274e+04
490 1.509227e+05 1.799937e+04
491 1.528019e+05 1.763614e+04
492 1.580660e+05 1.907512e+04
493 1.579711e+05 1.860229e+04
494 1.642348e+05 1.801973e+04
495 1.551198e+05 1.860977e+04
496 1.668447e+05 1.922671e+04
497 1.722863e+05 1.919168e+04
498 1.613709e+05 1.836129e+04
499 1.688054e+05 1.875919e+04
500 1.808591e+05 1.887108e+04
501 1.692155e+05 1.888635e+04
502 1.739131e+05 1.938599e+04
503 1.771646e+05 1.888682e+04
504 1.735127e+05 1.909351e+04
505 1.704308e+05 1.898032e+04
506 1.747801e+05 1.877560e+04
507 1.741303e+05 1.858952e+04
508 1.844168e+05 1.937055e+04
509 1.772569e+05 1.942642e+04
510 1.854065e+05 1.973653e+04
511 1.807137e+05 1.925175e+04
512 1.818143e+05 1.969508e+04
513 1.848300e+05 1.935374e+04
514 1.730400e+05 1.988506e+04
515 1.642182e+05 1.923825e+04
516 1.653503e+05 1.898154e+04
517 1.777053e+05 1.894216e+04
518 1.707605e+05 1.918858e+04
519 1.696626e+05 1.961978e+04
520 1.618263e+05 1.886561e+04
521 1.595501e+05 1.843251e+04
522 1.689451e+05 1.917280e+04
523 1.599997e+05 1.909215e+04
524 1.514824e+05 1.909082e+04
525 1.573175e+05 1.838375e+04
526 1.573281e+05 1.894443e+04
527 1.429812e+05 1.809757e+04
528 1.663789e+05 1.865115e+04
529 1.532068e+05 1.798024e+04
530 1.687276e+05 1.924556e+04
531 1.730444e+05 1.906079e+04
532 1.625186e+05 1.897407e+04
533 1.685890e+05 1.962652e+04
534 1.658329e+05 1.872991e+04
535 1.701790e+05 1.870320e+04
536 1.744454e+05 1.964302e+04
537 1.692197e+05 1.935850e+04
538 1.676816e+05 1.913510e+04
539 1.757285e+05 1.968053e+04
540 1.710629e+05 1.900828e+04
541 1.888539e+05 2.015640e+04
542 1.782287e+05 1.961234e+04
543 1.803456e+05 2.012359e+04
544 1.775546e+05 2.008183e+04
545 1.918084e+05 2.017731e+04
546 1.928881e+05 2.038882e+04
547 1.843815e+05 2.004316e+04
548 1.819418e+05 1.976219e+04
549 1.824322e+05 1.989612e+04
550 1.791764e+05 1.960891e+04
551 1.816263e+05 1.959831e+04
552 1.853398e+05 2.070985e+04
553 1.826437e+05 2.046862e+04
554 1.879228e+05 2.012363e+04
555 1.965542e+05 2.130653e+04
556 1.835402e+05 2.031217e+04
557 1.882091e+05 2.084191e+04
558 1.828662e+05 1.989609e+04
559 1.827595e+05 2.046098e+04
560 1.933519e+05 2.093711e+04
561 1.813938e+05 2.061687e+04
562 1.917238e+05 2.098512e+04
563 1.799531e+05 2.159417e+04
564 1.901325e+05 2.105100e+04
565 1.892326e+05 2.123017e+04
566 1.996942e+05 2.100361e+04
567 2.026987e+05 2.110491e+04
568 1.955386e+05 2.131760e+04
569 1.936660e+05 2.149687e+04
570 1.739843e+05 2.084605e+04
571 1.951732e+05 2.177165e+04
572 1.890873e+05 2.115348e+04
573 1.861076e+05 2.167818e+04
574 1.926310e+05 2.091951e+04
575 1.825424e+05 2.118805e+04
576 1.919760e+05 2.093990e+04
577 1.889342e+05 2.142199e+04
578 1.843700e+05 2.134483e+04
579 1.897200e+05 2.139724e+04
580 1.729568e+05 2.071668e+04
581 1.770682e+05 2.034366e+04
582 1.729415e+05 2.108268e+04
583 1.744943e+05 2.180524e+04
584 1.786164e+05 2.052100e+04
585 1.612964e+05 1.992595e+04
586 1.695414e+05 2.116278e+04
587 1.668946e+05 2.053355e+04
588 1.683632e+05 2.076812e+04
589 1.568651e+05 2.125274e+04
590 1.627002e+05 1.995152e+04
591 1.609093e+05 2.011337e+04
592 1.573869e+05 1.984507e+04
593 1.585662e+05 2.033027e+04
594 1.562468e+05 2.026601e+04
595 1.506528e+05 2.000171e+04
596 1.569750e+05 1.971551e+04
597 1.497565e+05 2.036191e+04
598 1.521217e+05 1.962001e+04
599 1.546507e+05 1.975273e+04
600 1.401486e+05 1.916151e+04
601 1.410553e+05 1.889796e+04
602 1.443489e+05 1.934034e+04
603 1.498650e+05 1.936988e+04
604 1.405102e+05 1.892762e+04
605 1.353662e+05 1.986854e+04
606 1.341937e+05 1.970448e+04
607 1.338546e+05 1.971283e+04
608 1.396728e+05 2.070493e+04
609 1.284701e+05 1.907083e+04
610 1.254365e+05 1.816956e+04
611 1.282597e+05 1.920334e+04
612 1.284894e+05 1.892746e+04
613 1.216308e+05 1.904954e+04
614 1.204271e+05 1.933130e+04
615 1.192502e+05 1.845482e+04
616 1.207253e+05 1.915364e+04
617 1.200068e+05 1.859479e+04
618 1.132610e+05 1.861980e+04
619 1.244184e+05 1.871897e+04
620 1.136097e+05 1.846519e+04
621 1.128940e+05 1.878929e+04
622 1.111246e+05 1.878421e+04
623 1.060006e+05 1.790199e+04
624 1.089515e+05 1.845603e+04
625 9.478955e+04 1.784875e+04
626 9.932918e+04 1.779629e+04
627 9.622496e+04 1.852542e+04
628 1.046195e+05 1.822629e+04
629 1.042577e+05 1.809275e+04
630 9.358173e+04 1.865675e+04
631 9.628198e+04 1.817841e+04
632 8.621865e+04 1.803368e+04
633 9.548801e+04 1.744774e+04
634 9.026176e+04 1.841536e+04
635 9.005873e+04 1.732246e+04
636 8.056231e+04 1.735338e+04
637 9.119692e+04 1.849807e+04
638 9.038548e+04 1.829087e+04
639 9.024883e+04 1.816025e+04
640 8.224240e+04 1.826901e+04
641 7.929206e+04 1.812627e+04
642 8.198259e+04 1.856755e+04
643 8.208798e+04 1.727078e+04
644 8.436749e+04 1.778799e+04
645 7.250852e+04 1.753459e+04
646 7.816797e+04 1.748344e+04
647 7.778869e+04 1.833955e+04
648 7.055746e+04 1.809229e+04
649 7.704842e+04 1.725704e+04
650 7.258453e+04 1.780434e+04
651 6.986407e+04 1.750618e+04
652 6.773585e+04 1.775872e+04
653 6.803420e+04 1.725943e+04
654 7.164460e+04 1.742909e+04
655 6.023647e+04 1.722435e+04
656 6.066485e+04 1.759180e+04
657 6.121555e+04 1.696718e+04
658 6.231412e+04 1.715346e+04
659 6.141111e+04 1.786788e+04
660 6.080366e+04 1.714358e+04
661 6.025255e+04 1.744942e+04
662 5.995859e+04 1.760854e+04
663 6.552454e+04 1.763702e+04
664 5.625836e+04 1.672843e+04
665 5.299985e+04 1.687225e+04
666 5.650098e+04 1.709781e+04
667 5.382119e+04 1.642203e+04
668 5.385816e+04 1.680342e+04
669 5.461385e+04 1.614015e+04
670 5.315437e+04 1.617515e+04
671 5.122678e+04 1.707262e+04
672 5.063371e+04 1.650581e+04
673 5.207056e+04 1.792430e+04
674 4.844150e+04 1.614277e+04
675 4.599055e+04 1.665544e+04
676 4.289447e+04 1.728629e+04
677 4.812965e+04 1.714753e+04
678 4.661343e+04 1.594113e+04
679 4.198095e+04 1.681609e+04
680 4.415414e+04 1.684239e+04
681 3.855766e+04 1.622309e+04
682 3.970486e+04 1.659117e+04
683 4.238722e+04 1.716649e+04
684 4.284961e+04 1.661423e+04
685 3.294351e+04 1.697199e+04
686 3.774451e+04 1.622730e+04
687 3.586932e+04 1.607922e+04
688 3.949035e+04 1.613583e+04
689 3.399054e+04 1.655169e+04
690 3.032952e+04 1.636452e+04
691 3.625528e+04 1.627804e+04
692 3.385111e+04 1.676843e+04
693 3.427728e+04 1.646727e+04
694 3.573725e+04 1.657039e+04
695 2.746106e+04 1.568866e+04
696 2.646426e+04 1.592756e+04
697 2.888745e+04 1.566801e+04
698 3.093171e+04 1.612409e+04
699 3.108843e+04 1.596193e+04
700 2.974183e+04 1.631042e+04
701 2.685710e+04 1.606909e+04
702 2.486685e+04 1.573427e+04
703 2.695546e+04 1.620740e+04
704 2.844845e+04 1.650679e+04
705 2.218971e+04 1.557165e+04
706 2.308036e+04 1.530709e+04
707 2.481158e+04 1.603984e+04
708 2.057987e+04 1.547380e+04
709 2.520669e+04 1.601872e+04
710 2.358637e+04 1.587849e+04
711 2.244563e+04 1.553389e+04
712 2.211168e+04 1.503394e+04
713 2.026533e+04 1.621422e+04
714 2.262765e+04 1.591300e+04
715 1.855210e+04 1.574769e+04
716 1.974929e+04 1.563368e+04
717 1.898638e+04 1.589643e+04
718 1.881673e+04 1.560319e+04
719 1.961039e+04 1.549363e+04
720 1.609589e+04 1.540102e+04
721 1.478181e+04 1.574540e+04
722 1.632610e+04 1.585083e+04
723 1.646517e+04 1.574076e+04
724 1.653613e+04 1.541649e+04
725 1.186770e+04 1.504013e+04
726 1.380200e+04 1.571874e+04
727 1.496603e+04 1.528825e+04
728 1.441882e+04 1.560105e+04
729 1.517575e+04 1.550368e+04
730 1.173766e+04 1.481795e+04
731 1.444345e+04 1.533770e+04
732 1.201131e+04 1.524739e+04
733 1.114785e+04 1.441074e+04
734 1.454195e+04 1.539121e+04
735 1.134355e+04 1.477898e+04
736 1.009460e+04 1.537668e+04
737 9.863498e+03 1.485977e+04
738 1.011010e+04 1.471814e+04
739 1.051383e+04 1.489904e+04
740 1.222468e+04 1.532466e+04
741 9.815127e+03 1.495778e+04
742 1.114735e+04 1.535328e+04
743 1.103685e+04 1.522970e+04
744 1.120237e+04 1.523010e+04
745 9.944285e+03 1.558236e+04
746 1.043670e+04 1.574188e+04
747 1.041321e+04 1.504300e+04
748 1.186915e+04 1.548720e+04
749 9.974176e+03 1.501647e+04
750 1.202234e+04 1.554145e+04
751 1.264692e+04 1.536720e+04
752 1.178984e+04 1.546202e+04
753 1.095881e+04 1.545962e+04
754 1.173386e+04 1.535325e+04
755 1.582950e+04 1.568300e+04
756 1.127821e+04 1.482145e+04
757 1.321233e+04 1.544102e+04
758 1.394405e+04 1.580708e+04
759 1.259550e+04 1.548654e+04
760 1.746049e+04 1.603427e+04
761 1.508739e+04 1.610298e+04
762 1.577722e+04 1.644827e+04
763 1.553583e+04 1.583461e+04
764 1.565127e+04 1.595750e+04
765 1.817768e+04 1.660611e+04
766 2.099692e+04 1.605461e+04
767 1.701794e+04 1.532040e+04
768 1.714916e+04 1.628099e+04
769 1.974802e+04 1.680034e+04
770 1.877691e+04 1.605547e+04
771 2.703418e+04 1.652161e+04
772 2.330746e+04 1.609618e+04
773 2.556013e+04 1.670129e+04
774 1.867426e+04 1.589354e+04
775 2.986577e+04 1.604374e+04
776 2.379890e+04 1.672736e+04
777 2.767394e+04 1.622679e+04
778 2.453469e+04 1.566633e+04
779 2.378801e+04 1.674548e+04
780 3.633851e+04 1.692242e+04
781 3.072424e+04 1.692087e+04
782 3.102306e+04 1.660842e+04
783 2.921396e+04 1.654563e+04
784 2.637807e+04 1.642491e+04
785 3.298456e+04 1.599062e+04
786 4.055070e+04 1.716305e+04
787 4.563827e+04 1.703541e+04
788 3.937147e+04 1.689407e+04
789 4.231475e+04 1.642979e+04
790 3.957285e+04 1.650501e+04
791 3.529652e+04 1.655404e+04
792 4.729855e+04 1.791537e+04
793 4.571462e+04 1.698560e+04
794 4.743768e+04 1.702863e+04
795 4.274023e+04 1.729209e+04
796 4.959038e+04 1.672254e+04
797 4.282373e+04 1.744956e+04
798 5.326896e+04 1.710913e+04
799 4.744442e+04 1.663075e+04
800 5.311425e+04 1.748233e+04
801 4.849773e+04 1.709485e+04
802 5.087024e+04 1.707463e+04
803 6.201625e+04 1.804165e+04
804 5.791608e+04 1.762380e+04
805 6.365173e+04 1.769693e+04
806 5.648994e+04 1.793910e+04
807 6.833548e+04 1.751044e+04
808 7.537064e+04 1.820824e+04
809 6.360053e+04 1.774626e+04
810 6.500751e+04 1.760873e+04
811 6.885382e+04 1.775866e+04
812 7.088686e+04 1.796717e+04
813 7.551180e+04 1.799064e+04
814 6.602536e+04 1.767800e+04
815 9.241517e+04 1.832220e+04
816 9.456395e+04 1.885561e+04
817 8.034751e+04 1.821576e+04
818 9.259783e+04 1.819076e+04
819 7.940002e+04 1.793636e+04
820 1.041622e+05 1.863266e+04
821 9.515097e+04 1.812670e+04
822 8.546593e+04 1.780395e+04
823 9.092826e+04 1.868317e+04
824 8.912736e+04 1.794991e+04
825 1.024696e+05 1.835453e+04
826 1.251530e+05 1.891555e+04
827 9.988993e+04 1.839631e+04
828 1.048012e+05 1.932117e+04
829 1.052981e+05 1.840794e+04
830 1.203751e+05 1.916288e+04
831 1.239476e+05 1.888880e+04
832 1.108645e+05 1.920404e+04
833 1.204574e+05 1.910736e+04
834 1.254718e+05 1.888808e+04
835 1.432417e+05 1.938991e+04
836 1.257029e+05 1.882624e+04
837 1.238335e+05 1.896567e+04
838 1.220335e+05 1.920014e+04
839 1.270699e+05 1.935048e+04
840 1.388575e+05 1.978313e+04
841 1.391934e+05 1.949333e+04
842 1.386349e+05 1.950346e+04
843 1.403617e+05 1.946585e+04
844 1.403814e+05 1.976013e+04
845 1.515492e+05 1.942010e+04
846 1.655623e+05 1.973067e+04
847 1.622540e+05 1.996013e+04
848 1.563158e+05 1.992728e+04
849 1.620357e+05 1.990181e+04
850 1.696538e+05 2.035175e+04
851 1.655296e+05 1.961645e+04
852 1.541332e+05 1.931448e+04
853 1.873107e+05 2.047450e+04
854 1.683846e+05 1.963358e+04
855 1.791067e+05 1.990753e+04
856 1.573176e+05 1.945983e+04
857 1.545074e+05 1.987817e+04
858 1.632730e+05 2.031652e+04
859 1.504563e+05 1.928531e+04
860 1.494902e+05 1.981238e+04
861 1.291308e+05 1.886761e+04
862 1.503235e+05 1.894128e+04
863 1.433508e+05 1.883677e+04
864 1.658343e+05 1.987892e+04
865 1.510737e+05 1.911747e+04
866 1.724531e+05 1.961086e+04
867 1.438149e+05 1.930360e+04
868 1.603105e+05 1.963924e+04
869 1.608540e+05 2.014679e+04
870 1.685856e+05 2.016741e+04
871 1.903634e+05 2.019094e+04
872 1.657486e+05 1.896705e+04
873 1.739815e+05 1.981489e+04
874 1.847706e+05 2.033158e+04
875 1.876134e+05 2.013201e+04
876 1.752127e+05 1.995917e+04
877 1.743816e+05 1.934720e+04
878 1.893621e+05 1.956329e+04
879 1.977254e+05 2.025635e+04
880 2.170926e+05 2.011329e+04
881 1.980410e+05 1.988580e+04
882 2.143934e+05 2.023607e+04
883 1.971768e+05 1.976231e+04
884 1.987295e+05 2.034541e+04
885 1.851410e+05 2.026446e+04
886 1.899891e+05 2.020215e+04
887 1.933843e+05 1.960007e+04
888 1.944052e+05 2.014167e+04
889 1.832754e+05 2.010726e+04
890 2.112248e+05 2.069242e+04
891 2.181117e+05 2.072417e+04
892 2.049457e+05 2.023488e+04
893 2.160773e+05 2.083919e+04
894 2.177816e+05 2.028987e+04
895 2.480168e+05 2.096334e+04
896 2.204047e+05 2.102153e+04
897 2.235144e+05 2.068758e+04
898 2.291983e+05 2.083639e+04
899 1.945635e+05 1.992574e+04
900 1.955178e+05 2.049767e+04
901 2.068029e+05 2.029072e+04
902 2.132471e+05 2.092931e+04
903 1.958709e+05 2.008360e+04
904 2.068349e+05 2.036751e+04
905 2.310632e+05 2.082877e+04
906 2.309662e+05 2.064943e+04
907 2.198449e+05 2.015008e+04
908 2.096176e+05 2.020577e+04
909 2.216667e+05 2.094454e+04
910 2.307275e+05 2.066473e+04
911 2.533529e+05 2.138620e+04
912 2.335379e+05 2.063032e+04
913 2.396685e+05 2.059367e+04
914 2.388948e+05 2.064562e+04
915 2.606260e+05 2.122930e+04
916 2.503039e+05 2.110087e+04
917 2.487877e+05 2.014269e+04
918 2.677450e+05 2.159142e+04
919 2.524910e+05 2.108768e+04
920 2.481951e+05 2.116160e+04
921 2.706017e+05 2.162098e+04
922 2.771850e+05 2.109548e+04
923 2.682442e+05 2.134007e+04
924 2.853504e+05 2.164381e+04
925 2.800404e+05 2.113177e+04
926 3.048037e+05 2.197697e+04
927 3.048393e+05 2.173430e+04
928 3.050734e+05 2.192372e+04
929 2.810458e+05 2.097148e+04
930 2.756126e+05 2.181117e+04
931 2.804748e+05 2.202478e+04
932 2.795061e+05 2.136501e+04
933 2.867242e+05 2.164239e+04
934 2.673292e+05 2.153670e+04
935 2.390354e+05 2.085600e+04
936 2.451725e+05 2.083685e+04
937 2.659094e+05 2.087666e+04
938 2.521885e+05 2.113879e+04
939 2.479000e+05 2.069591e+04
940 2.350410e+05 1.983070e+04
941 2.286824e+05 2.037107e+04
942 2.328655e+05 2.039092e+04
943 2.248014e+05 2.007627e+04
944 2.476912e+05 2.081840e+04
945 2.118820e+05 1.965016e+04
946 2.189431e+05 1.983229e+04
947 2.149077e+05 2.037766e+04
948 2.167383e+05 1.962952e+04
949 2.320974e+05 2.115720e+04
950 1.953846e+05 1.996263e+04
951 2.008479e+05 2.006825e+04
952 1.979500e+05 1.898797e+04
953 2.109966e+05 1.997804e+04
954 2.072775e+05 1.991150e+04
955 2.299137e+05 2.018085e+04
956 2.133432e+05 1.971168e+04
957 2.211068e+05 1.966819e+04
958 2.195914e+05 2.016160e+04
959 2.279931e+05 2.055628e+04
960 2.370764e+05 2.038596e+04
961 2.398203e+05 2.070513e+04
962 2.318274e+05 2.051681e+04
963 2.298627e+05 2.022607e+04
964 2.355421e+05 2.050134e+04
965 2.496500e+05 2.019292e+04
966 2.475591e+05 2.028278e+04
967 2.506762e+05 2.061286e+04
968 2.642414e+05 2.090028e+04
969 2.619276e+05 2.099945e+04
970 2.580986e+05 2.028910e+04
971 2.773953e+05 2.144741e+04
972 2.768241e+05 2.090981e+04
973 2.672517e+05 2.142623e+04
974 2.637448e+05 2.107999e+04
975 2.997083e+05 2.122119e+04
976 2.868050e+05 2.136672e+04
977 2.785407e+05 2.054576e+04
978 2.650994e+05 2.050449e+04
979 2.772422e+05 2.096547e+04
980 3.130706e+05 2.148551e+04
981 2.816677e+05 2.117734e+04
982 2.937716e+05 2.143311e+04
983 3.013526e+05 2.151407e+04
984 2.951407e+05 2.182059e+04
985 3.179177e+05 2.199073e+04
986 3.214295e+05 2.220481e+04
987 3.262515e+05 2.176374e+04
988 3.291753e+05 2.190491e+04
989 3.390917e+05 2.198752e+04
990 3.407356e+05 2.212352e+04
991 3.527406e+05 2.270001e+04
992 3.482982e+05 2.256482e+04
993 3.379335e+05 2.252196e+04
994 3.352897e+05 2.167148e+04
995 3.486221e+05 2.239104e+04
996 3.636794e+05 2.277306e+04
997 3.529006e+05 2.306271e+04
998 3.628464e+05 2.298013e+04
999 3.522141e+05 2.188495e+04
1000 3.853262e+05 2.306582e+04
1001 4.022785e+05 2.409520e+04
1002 3.545961e+05 2.237685e+04
1003 3.835692e+05 2.274553e+04
1004 3.879205e+05 2.305753e+04
1005 3.717956e+05 2.265506e+04
1006 3.586468e+05 2.279443e+04
1007 3.360583e+05 2.177424e+04
1008 3.610494e+05 2.268416e+04
1009 3.483986e+05 2.226862e+04
1010 3.902680e+05 2.307844e+04
1011 3.774467e+05 2.292951e+04
1012 3.934385e+05 2.331554e+04
1013 3.854240e+05 2.257455e+04
1014 3.785805e+05 2.357618e+04
1015 3.990471e+05 2.222681e+04
1016 4.192808e+05 2.353820e+04
1017 3.952303e+05 2.316759e+04
1018 4.041752e+05 2.345452e+04
1019 3.908181e+05 2.365000e+04
1020 4.064131e+05 2.324014e+04
1021 4.089933e+05 2.309389e+04
1022 4.006721e+05 2.296320e+04
1023 4.203623e+05 2.304420e+04
1024 4.095782e+05 2.349076e+04
1025 4.214795e+05 2.362114e+04
1026 4.336407e+05 2.377812e+04
1027 4.231217e+05 2.381052e+04
1028 4.325433e+05 2.334084e+04
1029 4.063363e+05 2.288801e+04
1030 4.636592e+05 2.394053e+04
1031 4.498596e+05 2.402076e+04
1032 4.515030e+05 2.455374e+04
1033 4.876583e+05 2.484144e+04
1034 4.431396e+05 2.362486e+04
1035 4.531745e+05 2.379812e+04
1036 4.686202e+05 2.413997e+04
1037 4.620322e+05 2.365287e+04
1038 4.430627e+05 2.358107e+04
1039 4.749030e+05 2.471794e+04
1040 5.100953e+05 2.508507e+04
1041 4.772491e+05 2.459337e+04
1042 4.809458e+05 2.453800e+04
1043 4.800317e+05 2.480968e+04
1044 4.843430e+05 2.376183e+04
1045 5.235756e+05 2.498861e+04
1046 4.931598e+05 2.469131e+04
1047 5.076094e+05 2.509232e+04
1048 5.253397e+05 2.595921e+04
1049 5.035214e+05 2.464757e+04
1050 5.382926e+05 2.600897e+04
1051 5.328503e+05 2.572001e+04
1052 5.330720e+05 2.616806e+04
1053 5.331805e+05 2.526938e+04
1054 5.141906e+05 2.476316e+04
1055 5.140545e+05 2.558544e+04
1056 5.087734e+05 2.502131e+04
1057 4.917404e+05 2.448447e+04
1058 4.871576e+05 2.447617e+04
1059 5.185625e+05 2.519259e+04
1060 4.758029e+05 2.412921e+04
1061 5.116945e+05 2.458787e+04
1062 4.894878e+05 2.453084e+04
1063 4.962407e+05 2.489838e+04
1064 4.750398e+05 2.459013e+04
1065 4.522391e+05 2.379624e+04
1066 4.859827e+05 2.461186e+04
1067 4.713037e+05 2.438858e+04
1068 4.891726e+05 2.455923e+04
1069 4.814391e+05 2.448723e+04
1070 4.178150e+05 2.266575e+04
1071 4.494654e+05 2.385193e+04
1072 4.484751e+05 2.391007e+04
1073 4.273329e+05 2.273919e+04
1074 4.340469e+05 2.318093e+04
1075 4.383825e+05 2.327941e+04
1076 4.661128e+05 2.383159e+04
1077 4.561872e+05 2.383463e+04
1078 4.589783e+05 2.366112e+04
1079 4.639393e+05 2.389148e+04
1080 4.271558e+05 2.249816e+04
1081 4.414064e+05 2.311548e+04
1082 4.236908e+05 2.231420e+04
1083 4.658065e+05 2.372024e+04
1084 4.255307e+05 2.289818e+04
1085 4.185677e+05 2.234955e+04
1086 4.131221e+05 2.252962e+04
1087 4.175788e+05 2.314022e+04
1088 4.131009e+05 2.245921e+04
1089 4.088282e+05 2.236214e+04
1090 4.028166e+05 2.246902e+04
1091 4.032148e+05 2.246532e+04
1092 3.991482e+05 2.226130e+04
1093 4.070643e+05 2.241143e+04
1094 3.850453e+05 2.220244e+04
1095 3.786372e+05 2.184060e+04
1096 3.554860e+05 2.083031e+04
1097 3.673896e+05 2.150033e+04
1098 3.835583e+05 2.183801e+04
1099 3.739646e+05 2.174452e+04
1100 3.659915e+05 2.145811e+04
1101 3.698603e+05 2.105674e+04
1102 3.370536e+05 2.080700e+04
1103 3.598058e+05 2.140552e+04
1104 3.488012e+05 2.125734e+04
1105 3.357686e+05 2.069201e+04
1106 3.327934e+05 2.052841e+04
1107 3.305248e+05 2.046257e+04
1108 3.317483e+05 2.051821e+04
1109 3.425689e+05 2.103583e+04
1110 3.272599e+05 2.031091e+04
1111 3.261991e+05 2.065207e+04
1112 3.152178e+05 1.998156e+04
1113 3.019869e+05 1.981274e+04
1114 3.276428e+05 2.051864e+04
1115 3.305711e+05 2.060143e+04
1116 3.400998e+05 2.060229e+04
1117 3.378850e+05 2.097805e+04
1118 3.426792e+05 2.035455e+04
1119 3.477248e+05 2.078133e+04
1120 3.636323e+05 2.157696e+04
1121 3.710460e+05 2.106104e+04
1122 3.739442e+05 2.129523e+04
1123 3.703433e+05 2.141794e+04
1124 3.587809e+05 2.121485e+04
1125 3.929830e+05 2.175582e+04
1126 3.621262e+05 2.082513e+04
1127 3.848959e+05 2.232951e+04
1128 3.787287e+05 2.164165e+04
1129 3.904464e+05 2.168953e+04
1130 3.832466e+05 2.166984e+04
1131 3.870040e+05 2.174807e+04
1132 3.867497e+05 2.149450e+04
1133 3.900224e+05 2.144411e+04
1134 3.928434e+05 2.223648e+04
1135 4.189541e+05 2.272988e+04
1136 4.272049e+05 2.269454e+04
1137 4.027178e+05 2.203960e+04
1138 4.328359e+05 2.252586e+04
1139 4.134311e+05 2.214176e+04
1140 4.517557e+05 2.289915e+04
1141 4.234881e+05 2.230097e+04
1142 4.282687e+05 2.234360e+04
1143 4.435069e+05 2.243171e+04
1144 4.480633e+05 2.312795e+04
1145 4.498195e+05 2.270867e+04
1146 4.423859e+05 2.253350e+04
1147 4.646726e+05 2.358088e+04
1148 4.439288e+05 2.238866e+04
1149 4.377606e+05 2.234961e+04
1150 4.805677e+05 2.393569e+04
1151 4.707591e+05 2.336686e+04
1152 4.685331e+05 2.319983e+04
1153 4.683105e+05 2.337073e+04
1154 4.763885e+05 2.321731e+04
1155 4.796800e+05 2.358237e+04
1156 5.014392e+05 2.375261e+04
1157 4.965986e+05 2.363985e+04
1158 5.012608e+05 2.419778e+04
1159 5.099930e+05 2.455213e+04
1160 5.387110e+05 2.467568e+04
1161 4.832228e+05 2.310646e+04
1162 5.009067e+05 2.384176e+04
1163 5.253775e+05 2.435146e+04
1164 5.161940e+05 2.395192e+04
1165 5.502450e+05 2.509484e+04
1166 5.348889e+05 2.460381e+04
1167 5.404970e+05 2.432702e+04
1168 5.405014e+05 2.489301e+04
1169 5.229321e+05 2.385729e+04
1170 5.492696e+05 2.489257e+04
1171 5.713202e+05 2.526780e+04
1172 5.517634e+05 2.508687e+04
1173 5.645012e+05 2.513541e+04
1174 5.453050e+05 2.473064e+04
1175 5.647984e+05 2.521655e+04
1176 5.652340e+05 2.547802e+04
1177 5.621901e+05 2.496097e+04
1178 5.474890e+05 2.398782e+04
1179 5.760950e+05 2.535014e+04
1180 6.033792e+05 2.622976e+04
1181 6.037518e+05 2.603059e+04
1182 6.228130e+05 2.640255e+04
1183 5.951208e+05 2.610294e+04
1184 5.784048e+05 2.593311e+04
1185 6.225384e+05 2.641418e+04
1186 5.965204e+05 2.610207e+04
1187 6.263535e+05 2.678145e+04
1188 5.822533e+05 2.538083e+04
1189 6.111433e+05 2.612519e+04
1190 6.209903e+05 2.591779e+04
1191 6.422438e+05 2.707523e+04
1192 6.258248e+05 2.649720e+04
1193 6.287373e+05 2.671710e+04
1194 6.483039e+05 2.720226e+04
1195 6.525263e+05 2.685295e+04
1196 6.350337e+05 2.659723e+04
1197 6.438398e+05 2.699992e+04
1198 6.344225e+05 2.689403e+04
1199 6.613041e+05 2.738650e+04
1200 6.696031e+05 2.788960e+04
1201 6.564448e+05 2.717262e+04
1202 6.730337e+05 2.834597e+04
1203 6.499319e+05 2.683862e+04
1204 6.712695e+05 2.821573e+04
1205 6.733389e+05 2.777348e+04
1206 6.794039e+05 2.793939e+04
1207 6.657312e+05 2.787565e+04
1208 6.698175e+05 2.794581e+04
1209 6.543654e+05 2.746303e+04
1210 6.877020e+05 2.836525e+04
1211 6.840855e+05 2.851741e+04
1212 6.893837e+05 2.926458e+04
1213 6.894964e+05 2.866234e+04
1214 6.849776e+05 2.852005e+04
1215 6.913515e+05 2.903899e+04
1216 6.956744e+05 2.936612e+04
1217 6.737375e+05 2.792340e+04
1218 6.885223e+05 2.892940e+04
1219 6.998835e+05 2.962118e+04
1220 6.823857e+05 2.892458e+04
1221 7.033872e+05 3.030092e+04
1222 6.930082e+05 2.935104e+04
1223 6.942579e+05 2.950997e+04
1224 6.919931e+05 2.907943e+04
1225 7.065914e+05 3.041606e+04
1226 6.918820e+05 2.919187e+04
1227 6.998450e+05 3.032267e+04
1228 6.998528e+05 2.954851e+04
1229 6.916143e+05 2.945368e+04
1230 7.064489e+05 3.044793e+04
1231 6.992846e+05 3.034267e+04
1232 7.024649e+05 3.043766e+04
1233 7.007310e+05 2.998402e+04
1234 6.927502e+05 2.947853e+04
1235 7.010006e+05 3.038722e+04
1236 6.973514e+05 3.001809e+04
1237 7.033088e+05 3.071036e+04
1238 6.987844e+05 2.999996e+04
1239 7.021908e+05 3.041393e+04
1240 7.073564e+05 3.118334e+04
1241 7.078628e+05 3.111719e+04
1242 6.991452e+05 3.051294e+04
1243 6.997518e+05 3.032155e+04
1244 6.971607e+05 3.009911e+04
1245 7.048316e+05 3.145750e+04
1246 7.056235e+05 3.140012e+04
1247 6.959469e+05 3.044094e+04
1248 7.053424e+05 3.171646e+04
1249 7.047142e+05 3.140626e+04
1250 7.061004e+05 3.229937e+04
1251 6.982079e+05 3.104664e+04
1252 7.088314e+05 3.187182e+04
1253 7.060134e+05 3.186017e+04
1254 7.053243e+05 3.129103e+04
1255 7.129601e+05 3.213934e+04
1256 7.046228e+05 3.214305e+04
1257 7.016566e+05 3.167210e+04
1258 7.078774e+05 3.182499e+04
1259 7.080055e+05 3.194296e+04
1260 7.016518e+05 3.189347e+04
1261 7.047682e+05 3.201123e+04
1262 7.048991e+05 3.225315e+04
1263 7.031066e+05 3.238356e+04
1264 7.103488e+05 3.302909e+04
1265 6.995810e+05 3.144717e+04
1266 7.050268e+05 3.242108e+04
1267 6.981107e+05 3.258131e+04
1268 7.064639e+05 3.280846e+04
1269 7.080076e+05 3.235861e+04
1270 7.043538e+05 3.264150e+04
1271 7.034714e+05 3.301881e+04
1272 7.093377e+05 3.306030e+04
1273 7.073142e+05 3.337919e+04
1274 6.994023e+05 3.251793e+04
1275 7.059268e+05 3.352921e+04
1276 7.066410e+05 3.333296e+04
1277 6.994891e+05 3.253548e+04
1278 7.029449e+05 3.284619e+04
1279 7.039418e+05 3.295646e+04
1280 7.040420e+05 3.310028e+04
1281 6.992283e+05 3.309948e+04
1282 7.021493e+05 3.365278e+04
1283 7.097967e+05 3.380641e+04
1284 7.004224e+05 3.365550e+04
1285 6.999118e+05 3.319546e+04
1286 7.026226e+05 3.362672e+04
1287 7.000150e+05 3.202005e+04
1288 7.071103e+05 3.335488e+04
1289 7.055058e+05 3.375820e+04
1290 6.961185e+05 3.269046e+04
1291 7.030265e+05 3.357620e+04
1292 6.961364e+05 3.313862e+04
1293 6.975503e+05 3.298347e+04
1294 7.002774e+05 3.397513e+04
1295 6.992397e+05 3.236578e+04
1296 6.981674e+05 3.283172e+04
1297 6.980078e+05 3.347434e+04
1298 6.935397e+05 3.209738e+04
1299 6.908316e+05 3.294057e+04
1300 6.902610e+05 3.215043e+04
1301 6.943167e+05 3.232639e+04
1302 6.889596e+05 3.241241e+04
1303 6.982418e+05 3.278889e+04
1304 6.917715e+05 3.221312e+04
1305 6.917419e+05 3.211106e+04
1306 6.980069e+05 3.243748e+04
1307 6.998988e+05 3.279601e+04
1308 7.004886e+05 3.262183e+04
1309 6.876732e+05 3.115558e+04
1310 6.934540e+05 3.170572e+04
1311 6.982275e+05 3.286954e+04
1312 6.938800e+05 3.158095e+04
1313 6.928314e+05 3.272039e+04
1314 6.893181e+05 3.191355e+04
1315 7.034855e+05 3.190765e+04
1316 6.902019e+05 3.202461e+04
1317 6.857392e+05 3.163879e+04
1318 6.901438e+05 3.164982e+04
1319 6.918011e+05 3.112735e+04
1320 6.850087e+05 3.200599e+04
1321 6.916218e+05 3.101415e+04
1322 6.851882e+05 3.078564e+04
1323 6.918655e+05 3.202751e+04
1324 6.882957e+05 3.201124e+04
1325 6.792952e+05 3.044049e+04
1326 6.901444e+05 3.101367e+04
1327 6.855119e+05 3.115621e+04
1328 6.836749e+05 3.014607e+04
1329 6.853300e+05 3.058753e+04
1330 6.858329e+05 3.056231e+04
1331 6.805539e+05 3.027719e+04
1332 6.813320e+05 3.057227e+04
1333 6.842301e+05 3.067458e+04
1334 6.780145e+05 3.016930e+04
1335 6.773565e+05 3.053830e+04
1336 6.761456e+05 2.909961e+04
1337 6.814923e+05 3.041453e+04
1338 6.776325e+05 3.034366e+04
1339 6.828722e+05 3.048677e+04
1340 6.835527e+05 3.093853e+04
1341 6.732872e+05 3.048685e+04
1342 6.861124e+05 3.061325e+04
1343 6.820116e+05 3.070048e+04
1344 6.832458e+05 3.058948e+04
1345 6.914146e+05 3.146512e+04
1346 6.756083e+05 3.056603e+04
1347 6.812815e+05 3.082317e+04
1348 6.756873e+05 3.060402e+04
1349 6.764406e+05 3.005789e+04
1350 6.780747e+05 3.061619e+04
1351 6.795335e+05 3.056074e+04
1352 6.791907e+05 3.151347e+04
1353 6.772372e+05 3.084066e+04
1354 6.777016e+05 3.012300e+04
1355 6.729835e+05 3.028463e+04
1356 6.716713e+05 3.008840e+04
1357 6.702138e+05 2.950107e+04
1358 6.782929e+05 3.031440e+04
1359 6.818423e+05 3.035184e+04
1360 6.782455e+05 3.065432e+04
1361 6.755951e+05 3.073135e+04
1362 6.730740e+05 3.019266e+04
1363 6.727397e+05 2.953285e+04
1364 6.772453e+05 3.039489e+04
1365 6.777206e+05 3.073047e+04
1366 6.740988e+05 3.087156e+04
1367 6.694173e+05 2.942947e+04
1368 6.744766e+05 3.019105e+04
1369 6.779571e+05 3.101080e+04
1370 6.855648e+05 3.166682e+04
1371 6.689377e+05 3.190280e+04
1372 6.780495e+05 3.109189e+04
1373 6.861578e+05 3.172908e+04
1374 6.772865e+05 3.127117e+04
1375 6.695433e+05 3.106375e+04
1376 6.714398e+05 3.117822e+04
1377 6.810236e+05 3.154362e+04
1378 6.746600e+05 3.101724e+04
1379 6.832043e+05 3.155340e+04
1380 6.774121e+05 3.118437e+04
1381 6.789139e+05 3.115934e+04
1382 6.738369e+05 3.140086e+04
1383 6.733786e+05 3.178334e+04
1384 6.717839e+05 3.212919e+04
1385 6.740188e+05 3.135754e+04
1386 6.725302e+05 3.090896e+04
1387 6.754548e+05 3.101183e+04
1388 6.729700e+05 3.114532e+04
1389 6.745570e+05 3.138881e+04
1390 6.700668e+05 3.018145e+04
1391 6.747554e+05 3.075110e+04
1392 6.694353e+05 3.138246e+04
1393 6.753612e+05 3.145494e+04
1394 6.687248e+05 3.043216e+04
1395 6.693128e+05 3.114781e+04
1396 6.727118e+05 3.086290e+04
1397 6.729361e+05 3.063140e+04
1398 6.744412e+05 3.066464e+04
1399 6.722067e+05 3.068607e+04
1400 6.680745e+05 3.146286e+04
1401 6.700182e+05 3.056512e+04
1402 6.637821e+05 3.003058e+04
1403 6.709805e+05 3.144651e+04
1404 6.637937e+05 2.941787e+04
1405 6.666403e+05 3.112037e+04
1406 6.651702e+05 3.080533e+04
1407 6.723791e+05 3.109958e+04
1408 6.678781e+05 3.039721e+04
1409 6.691437e+05 3.122714e+04
1410 6.699022e+05 3.042895e+04
1411 6.622000e+05 3.015001e+04
1412 6.688429e+05 3.032125e+04
1413 6.704931e+05 3.036474e+04
1414 6.720489e+05 3.110047e+04
1415 6.668315e+05 3.118341e+04
1416 6.731125e+05 3.062200e+04
1417 6.603004e+05 3.007678e+04
1418 6.730219e+05 3.058756e+04
1419 6.667871e+05 3.050591e+04
1420 6.669657e+05 2.990126e+04
1421 6.608642e+05 2.978555e+04
1422 6.655496e+05 3.015626e+04
1423 6.658715e+05 2.996276e+04
1424 6.682846e+05 3.041803e+04
1425 6.686244e+05 3.016027e+04
1426 6.647309e+05 2.963867e+04
1427 6.723496e+05 3.045860e+04
1428 6.687029e+05 3.012301e+04
1429 6.585275e+05 2.897238e+04
1430 6.711502e+05 3.080910e+04
1431 6.694665e+05 3.037048e+04
1432 6.632626e+05 3.126354e+04
1433 6.660886e+05 3.046279e+04
1434 6.683195e+05 3.016603e+04
1435 6.696178e+05 3.042523e+04
1436 6.657130e+05 2.976118e+04
1437 6.614028e+05 3.030057e+04
1438 6.657134e+05 3.014885e+04
1439 6.622909e+05 3.045402e+04
1440 6.562030e+05 2.946897e+04
1441 6.542997e+05 2.984510e+04
1442 6.530903e+05 2.914181e+04
1443 6.609651e+05 2.964245e+04
1444 6.658970e+05 3.032565e+04
1445 6.524255e+05 2.918482e+04
1446 6.628088e+05 2.933157e+04
1447 6.636918e+05 2.974618e+04
1448 6.597914e+05 2.988557e+04
1449 6.575786e+05 2.992860e+04
1450 6.509267e+05 2.902045e+04
1451 6.610895e+05 2.980621e+04
1452 6.671097e+05 3.019020e+04
1453 6.581340e+05 2.882746e+04
1454 6.589926e+05 2.969376e+04
1455 6.515934e+05 2.885582e+04
1456 6.481809e+05 2.854744e+04
1457 6.560134e+05 2.900907e+04
1458 6.519619e+05 2.939986e+04
1459 6.547200e+05 2.931645e+04
1460 6.495683e+05 2.837042e+04
1461 6.532767e+05 2.865797e+04
1462 6.497902e+05 2.958728e+04
1463 6.564788e+05 2.860439e+04
1464 6.490169e+05 2.878637e+04
1465 6.562870e+05 2.964459e+04
1466 6.517377e+05 2.899562e+04
1467 6.466500e+05 2.811181e+04
1468 6.551205e+05 2.925193e+04
1469 6.538987e+05 2.920712e+04
1470 6.608317e+05 3.000281e+04
1471 6.426609e+05 2.823003e+04
1472 6.539360e+05 2.846954e+04
1473 6.540866e+05 2.958330e+04
1474 6.510690e+05 2.862756e+04
1475 6.518828e+05 2.829923e+04
1476 6.489897e+05 2.845604e+04
1477 6.444792e+05 2.788799e+04
1478 6.570784e+05 2.899848e+04
1479 6.462679e+05 2.769023e+04
1480 6.468792e+05 2.827952e+04
1481 6.586298e+05 2.904306e+04
1482 6.447152e+05 2.836565e+04
1483 6.566721e+05 2.857001e+04
1484 6.548274e+05 2.874390e+04
1485 6.556546e+05 2.891525e+04
1486 6.478036e+05 2.772528e+04
1487 6.501174e+05 2.840111e+04
1488 6.520827e+05 2.825090e+04
1489 6.511040e+05 2.838259e+04
1490 6.486365e+05 2.787276e+04
1491 6.396370e+05 2.758975e+04
1492 6.384761e+05 2.737638e+04
1493 6.406542e+05 2.799108e+04
1494 6.342513e+05 2.754057e+04
1495 6.372004e+05 2.704420e+04
1496 6.337193e+05 2.691218e+04
1497 6.302811e+05 2.698851e+04
1498 6.378837e+05 2.733911e+04
1499 6.325869e+05 2.695484e+04
1500 6.318871e+05 2.691148e+04
1501 6.381601e+05 2.735593e+04
1502 6.338873e+05 2.701782e+04
1503 6.306560e+05 2.667221e+04
1504 6.204153e+05 2.617249e+04
1505 6.109332e+05 2.565460e+04
1506 6.235437e+05 2.657381e+04
1507 6.202073e+05 2.613986e+04
1508 6.151253e+05 2.615628e+04
1509 6.136937e+05 2.585302e+04
1510 5.913820e+05 2.490487e+04
1511 6.074796e+05 2.531230e+04
1512 6.100381e+05 2.550630e+04
1513 6.123792e+05 2.581035e+04
1514 6.056205e+05 2.521229e+04
1515 5.920588e+05 2.513162e+04
1516 5.877455e+05 2.460199e+04
1517 5.926992e+05 2.464095e+04
1518 5.921691e+05 2.463459e+04
1519 5.739707e+05 2.398515e+04
1520 5.972683e+05 2.521659e+04
1521 5.835292e+05 2.433566e+04
1522 5.867210e+05 2.420482e+04
1523 5.839356e+05 2.417740e+04
1524 5.774029e+05 2.426924e+04
1525 5.641443e+05 2.345269e+04
1526 5.589630e+05 2.357990e+04
1527 5.653462e+05 2.376078e+04
1528 5.593329e+05 2.371832e+04
1529 5.592384e+05 2.314823e+04
1530 5.552068e+05 2.318215e+04
1531 5.432625e+05 2.302748e+04
1532 5.457769e+05 2.290111e+04
1533 5.401138e+05 2.301849e+04
1534 5.438960e+05 2.308982e+04
1535 5.462148e+05 2.274917e+04
1536 5.236015e+05 2.224405e+04
1537 5.262690e+05 2.248509e+04
1538 5.309571e+05 2.263050e+04
1539 5.334233e+05 2.221630e+04
1540 4.924430e+05 2.169533e+04
1541 5.022962e+05 2.223530e+04
1542 5.062923e+05 2.164235e+04
1543 4.889686e+05 2.158763e+04
1544 5.105820e+05 2.188563e+04
1545 4.843987e+05 2.123796e+04
1546 4.860236e+05 2.120959e+04
1547 4.976817e+05 2.184441e+04
1548 4.680743e+05 2.063342e+04
1549 4.841505e+05 2.095927e+04
1550 4.659008e+05 2.065985e+04
1551 4.517185e+05 2.013849e+04
1552 4.677865e+05 2.077165e+04
1553 4.544483e+05 2.005733e+04
1554 4.633249e+05 2.122921e+04
1555 4.425456e+05 2.029064e+04
1556 4.545634e+05 2.003253e+04
1557 4.524643e+05 2.021046e+04
1558 4.260582e+05 1.923871e+04
1559 4.386983e+05 1.952945e+04
1560 4.277243e+05 1.959349e+04
1561 4.091022e+05 1.923964e+04
1562 4.347002e+05 1.976734e+04
1563 4.208489e+05 1.914070e+04
1564 4.413544e+05 2.029935e+04
1565 3.989213e+05 1.863164e+04
1566 4.014317e+05 1.863162e+04
1567 4.157298e+05 1.923025e+04
1568 4.046239e+05 1.902331e+04
1569 3.984406e+05 1.873739e+04
1570 3.942370e+05 1.893223e+04
1571 3.880316e+05 1.852733e+04
1572 3.750045e+05 1.815156e+04
1573 3.775358e+05 1.807286e+04
1574 3.877519e+05 1.836768e+04
1575 3.775824e+05 1.804625e+04
1576 3.766661e+05 1.799476e+04
1577 3.759230e+05 1.841655e+04
1578 3.591411e+05 1.757737e+04
1579 3.828388e+05 1.819337e+04
1580 3.559892e+05 1.787178e+04
1581 3.581272e+05 1.798992e+04
1582 3.404011e+05 1.715293e+04
1583 3.536899e+05 1.749216e+04
1584 3.508486e+05 1.759328e+04
1585 3.369534e+05 1.660308e+04
1586 3.405924e+05 1.748642e+04
1587 3.361168e+05 1.717539e+04
1588 3.253736e+05 1.676984e+04
1589 3.383066e+05 1.712029e+04
1590 3.299421e+05 1.669420e+04
1591 3.234431e+05 1.667456e+04
1592 3.185022e+05 1.620398e+04
1593 3.230583e+05 1.701737e+04
1594 3.259167e+05 1.668115e+04
1595 2.971417e+05 1.589046e+04
1596 2.923918e+05 1.591840e+04
1597 3.078779e+05 1.636055e+04
1598 2.997857e+05 1.626969e+04
1599 3.057790e+05 1.601399e+04
1600 2.963430e+05 1.594596e+04
1601 2.930788e+05 1.571611e+04
1602 2.964904e+05 1.564984e+04
1603 2.925762e+05 1.561956e+04
1604 2.913386e+05 1.599492e+04
1605 2.769386e+05 1.523497e+04
1606 2.602515e+05 1.464318e+04
1607 2.760078e+05 1.552244e+04
1608 2.861534e+05 1.549061e+04
1609 2.724632e+05 1.510350e+04
1610 2.644033e+05 1.451512e+04
1611 2.638034e+05 1.510270e+04
1612 2.602913e+05 1.489916e+04
1613 2.680374e+05 1.531656e+04
1614 2.613452e+05 1.472427e+04
1615 2.305004e+05 1.399966e+04
1616 2.447792e+05 1.464601e+04
1617 2.498490e+05 1.437630e+04
1618 2.421699e+05 1.434690e+04
1619 2.491218e+05 1.446975e+04
1620 2.307438e+05 1.428574e+04
1621 2.388319e+05 1.389553e+04
1622 2.376059e+05 1.425149e+04
1623 2.268137e+05 1.391995e+04
1624 2.285084e+05 1.397374e+04
1625 2.255792e+05 1.405989e+04
1626 2.206637e+05 1.381153e+04
1627 2.427035e+05 1.426084e+04
1628 2.202530e+05 1.362233e+04
1629 2.149633e+05 1.363577e+04
1630 2.055093e+05 1.353556e+04
1631 1.946211e+05 1.279864e+04
1632 2.025936e+05 1.340960e+04
1633 2.201910e+05 1.371717e+04
1634 2.144657e+05 1.339293e+04
1635 2.019856e+05 1.336754e+04
1636 1.860079e+05 1.257952e+04
1637 1.976457e+05 1.314108e+04
1638 2.062281e+05 1.331353e+04
1639 1.951614e+05 1.343470e+04
1640 1.934126e+05 1.316241e+04
1641 1.885016e+05 1.313666e+04
1642 1.699572e+05 1.245419e+04
1643 1.867612e+05 1.299557e+04
1644 1.679960e+05 1.255972e+04
1645 1.702544e+05 1.218831e+04
1646 1.703059e+05 1.230196e+04
1647 1.681029e+05 1.174963e+04
1648 1.526012e+05 1.215555e+04
1649 1.592257e+05 1.158094e+04
1650 1.463674e+05 1.153781e+04
1651 1.544827e+05 1.163569e+04
1652 1.466133e+05 1.135428e+04
1653 1.517375e+05 1.191327e+04
1654 1.635381e+05 1.242198e+04
1655 1.434919e+05 1.161048e+04
1656 1.386671e+05 1.161179e+04
1657 1.497082e+05 1.170337e+04
1658 1.525683e+05 1.186276e+04
1659 1.442117e+05 1.196377e+04
1660 1.402799e+05 1.176902e+04
1661 1.318123e+05 1.124205e+04
1662 1.341576e+05 1.138804e+04
1663 1.327228e+05 1.146009e+04
1664 1.302106e+05 1.153455e+04
1665 1.364765e+05 1.152345e+04
1666 1.223768e+05 1.045757e+04
1667 1.186353e+05 1.109471e+04
1668 1.196351e+05 1.097638e+04
1669 1.275671e+05 1.129735e+04
1670 1.180225e+05 1.093506e+04
1671 1.009826e+05 1.016658e+04
1672 1.095616e+05 1.072558e+04
1673 1.161283e+05 1.062026e+04
1674 1.146168e+05 1.142055e+04
1675 1.040863e+05 1.063174e+04
1676 1.033719e+05 1.050117e+04
1677 1.006470e+05 1.024842e+04
1678 1.063953e+05 1.048811e+04
1679 1.032909e+05 1.059164e+04
1680 1.020150e+05 9.856150e+03
1681 8.908604e+04 1.015895e+04
1682 9.203121e+04 1.022387e+04
1683 9.237252e+04 1.025353e+04
1684 9.169060e+04 1.023841e+04
1685 8.963163e+04 1.031414e+04
1686 8.313383e+04 9.644671e+03
1687 8.240368e+04 9.667580e+03
1688 8.829234e+04 9.784412e+03
1689 8.521043e+04 9.661270e+03
1690 7.002905e+04 9.375645e+03
1691 8.261557e+04 9.666655e+03
1692 8.529238e+04 9.909372e+03
1693 8.412434e+04 9.926902e+03
1694 7.290394e+04 9.288902e+03
1695 7.284711e+04 9.801677e+03
1696 6.722771e+04 9.434906e+03
1697 7.230625e+04 9.910222e+03
1698 7.336451e+04 9.635228e+03
1699 6.707218e+04 9.346701e+03
1700 6.524619e+04 9.277633e+03
1701 6.905157e+04 9.549131e+03
1702 5.840200e+04 8.808800e+03
1703 6.084222e+04 9.419937e+03
1704 7.021762e+04 9.562473e+03
1705 5.295178e+04 9.090296e+03
1706 5.440523e+04 8.890482e+03
1707 5.267733e+04 9.297696e+03
1708 5.163783e+04 8.702513e+03
1709 6.121651e+04 9.370199e+03
1710 5.403213e+04 9.373389e+03
1711 5.186970e+04 8.963042e+03
1712 4.900503e+04 8.845248e+03
1713 4.453172e+04 8.905761e+03
1714 4.447752e+04 9.089262e+03
1715 4.238247e+04 8.630464e+03
1716 4.288661e+04 8.578846e+03
1717 4.454295e+04 8.990878e+03
1718 4.356465e+04 8.688064e+03
1719 4.317283e+04 9.033266e+03
1720 3.735509e+04 8.814847e+03
1721 3.709725e+04 8.919169e+03
1722 3.546181e+04 8.789897e+03
1723 3.514110e+04 8.446639e+03
1724 4.380706e+04 8.690599e+03
1725 3.144507e+04 8.718290e+03
1726 3.026880e+04 8.536184e+03
1727 3.491143e+04 8.336162e+03
1728 3.388987e+04 8.336891e+03
1729 3.525881e+04 8.377757e+03
1730 2.754435e+04 8.401178e+03
1731 3.073414e+04 8.761659e+03
1732 2.523958e+04 7.729154e+03
1733 2.375923e+04 8.557100e+03
1734 2.960216e+04 8.456611e+03
1735 3.013380e+04 8.836255e+03
1736 2.006328e+04 8.215618e+03
1737 1.849316e+04 7.900052e+03
1738 2.496584e+04 8.300653e+03
1739 2.443034e+04 8.472850e+03
1740 2.019277e+04 7.723728e+03
1741 1.943879e+04 8.539346e+03
1742 2.181314e+04 8.250243e+03
1743 2.144205e+04 8.537317e+03
1744 1.684670e+04 7.971208e+03
1745 1.530980e+04 8.282699e+03
1746 1.770304e+04 8.482647e+03
1747 1.712248e+04 8.075680e+03
1748 1.509768e+04 8.612516e+03
1749 1.920101e+04 8.474482e+03
1750 1.334668e+04 8.316577e+03
1751 1.517594e+04 8.558035e+03
1752 1.310325e+04 8.143381e+03
1753 1.459882e+04 8.072921e+03
1754 1.357051e+04 8.289037e+03
1755 1.182144e+04 8.056128e+03
1756 1.234668e+04 8.280548e+03
1757 1.150786e+04 8.181858e+03
1758 1.110338e+04 8.216595e+03
1759 1.185391e+04 7.993980e+03
1760 1.298833e+04 8.533856e+03
1761 8.590942e+03 8.041643e+03
1762 1.140728e+04 8.488184e+03
1763 7.488259e+03 8.505734e+03
1764 1.072707e+04 8.468327e+03
1765 8.170922e+03 8.065805e+03
1766 4.995726e+03 8.682324e+03
1767 5.535916e+03 8.216585e+03
1768 7.084338e+03 8.196835e+03
1769 8.406003e+03 8.622357e+03
1770 6.332413e+03 8.039594e+03
1771 5.034806e+03 7.971221e+03
1772 5.990897e+03 8.648907e+03
1773 4.963801e+03 8.496424e+03
1774 4.154576e+03 8.299036e+03
1775 5.333643e+03 8.499127e+03
1776 6.733780e+03 8.635324e+03
1777 3.839460e+03 8.565726e+03
1778 4.404713e+03 8.381341e+03
1779 5.237333e+03 8.301185e+03
1780 4.134035e+03 8.769683e+03
1781 4.375558e+03 8.841349e+03
1782 3.910726e+03 8.792351e+03
1783 4.385600e+03 8.332955e+03
1784 4.538012e+03 8.564725e+03
1785 3.180464e+03 8.138293e+03
1786 3.251261e+03 8.451951e+03
1787 2.298089e+03 8.087905e+03
1788 3.058716e+03 9.082118e+03
1789 2.603573e+03 8.593390e+03
1790 3.330536e+03 8.545696e+03
1791 2.570020e+03 8.517403e+03
1792 2.060118e+03 9.048970e+03
1793 1.589589e+03 8.622859e+03
1794 1.404410e+03 8.785223e+03
1795 2.124015e+03 8.800271e+03
1796 1.429392e+03 8.267455e+03
1797 1.733288e+03 8.773151e+03
1798 1.848746e+03 9.022191e+03
1799 2.447860e+03 8.926041e+03
1800 2.267900e+03 9.327971e+03
1801 1.587290e+03 9.078159e+03
1802 1.284690e+03 9.034647e+03
1803 1.344273e+03 9.044683e+03
1804 8.119468e+02 9.104835e+03
1805 1.412005e+03 9.305318e+03
1806 1.214445e+03 8.877975e+03
1807 1.343738e+03 9.612510e+03
1808 4.468022e+02 9.324375e+03
1809 1.635219e+03 9.538159e+03
1810 7.912689e+02 9.306153e+03
1811 6.837108e+02 9.657596e+03
1812 9.943328e+02 9.002149e+03
1813 1.361355e+03 9.437993e+03
1814 4.624603e+02 9.510433e+03
1815 9.722747e+02 9.716380e+03
1816 6.031224e+02 9.506468e+03
1817 1.099665e+03 9.502347e+03
1818 6.771307e+02 9.482916e+03
1819 1.172025e+03 9.380821e+03
1820 6.415790e+02 9.335091e+03
1821 8.107740e+02 1.018637e+04
1822 1.260911e+03 9.690914e+03
1823 1.298563e+03 9.553376e+03
1824 1.420509e+03 9.648246e+03
1825 1.495761e+03 1.007156e+04
1826 1.165232e+03 1.041050e+04
1827 1.912432e+03 1.025596e+04
1828 1.649306e+03 9.956198e+03
1829 1.751393e+03 1.016510e+04
1830 6.923326e+02 1.040278e+04
1831 9.474837e+02 9.617398e+03
1832 7.993959e+02 9.921679e+03
1833 7.161425e+02 1.048724e+04
1834 3.953925e+02 1.030340e+04
1835 8.196286e+02 1.017731e+04
1836 8.369230e+02 1.019472e+04
1837 1.010209e+03 1.045326e+04
1838 6.505692e+02 1.005016e+04
1839 1.134881e+03 1.045623e+04
1840 1.092578e+03 1.112393e+04
1841 1.243771e+03 1.094447e+04
1842 8.848374e+02 1.087741e+04
1843 1.005636e+03 1.088702e+04
1844 7.875782e+02 1.073568e+04
1845 1.625674e+03 1.065110e+04
1846 1.319449e+03 1.072497e+04
1847 1.402371e+03 1.111738e+04
1848 2.207223e+03 1.083712e+04
1849 1.873759e+03 1.056664e+04
1850 1.917445e+03 1.082606e+04
1851 1.817041e+03 1.150185e+04
1852 2.536115e+03 1.166633e+04
1853 2.108078e+03 1.117345e+04
1854 1.928368e+03 1.156424e+04
1855 1.979355e+03 1.086885e+04
1856 1.544918e+03 1.174992e+04
1857 1.737497e+03 1.139310e+04
1858 2.087337e+03 1.086416e+04
1859 1.778477e+03 1.112059e+04
1860 2.061684e+03 1.157764e+04
1861 1.652567e+03 1.188379e+04
1862 9.178215e+02 1.121893e+04
1863 1.112474e+03 1.109288e+04
1864 1.474728e+03 1.185581e+04
1865 1.151651e+03 1.107212e+04
1866 1.049724e+03 1.124063e+04
1867 7.697419e+02 1.135817e+04
1868 1.152427e+03 1.134740e+04
1869 1.649743e+03 1.122549e+04
1870 1.617971e+03 1.191792e+04
1871 2.018079e+03 1.157396e+04
1872 1.941702e+03 1.150875e+04
1873 1.530886e+03 1.166397e+04
1874 1.888261e+03 1.188029e+04
1875 1.289262e+03 1.174820e+04
1876 2.017983e+03 1.170327e+04
1877 3.207826e+03 1.191603e+04
1878 2.420285e+03 1.135653e+04
1879 2.351512e+03 1.120492e+04
1880 4.831467e+03 1.183857e+04
1881 3.307363e+03 1.212930e+04
1882 2.922669e+03 1.143435e+04
1883 2.696762e+03 1.162640e+04
1884 3.383901e+03 1.162673e+04
1885 3.104402e+03 1.170509e+04
1886 2.726589e+03 1.183217e+04
1887 3.640587e+03 1.157377e+04
1888 4.102043e+03 1.162735e+04
1889 4.834468e+03 1.159836e+04
1890 2.679328e+03 1.153732e+04
1891 2.839606e+03 1.162379e+04
1892 3.014762e+03 1.203729e+04
1893 3.551124e+03 1.193724e+04
1894 3.319000e+03 1.202412e+04
1895 3.929864e+03 1.226858e+04
1896 3.230637e+03 1.190362e+04
1897 5.187521e+03 1.212877e+04
1898 3.350353e+03 1.154835e+04
1899 4.880288e+03 1.191806e+04
1900 4.850288e+03 1.207493e+04
1901 4.668878e+03 1.199600e+04
1902 5.678857e+03 1.184462e+04
1903 6.585957e+03 1.205195e+04
1904 5.962228e+03 1.160980e+04
1905 5.621734e+03 1.271894e+04
1906 5.378628e+03 1.212111e+04
1907 5.163129e+03 1.218191e+04
1908 4.715948e+03 1.233181e+04
1909 5.375940e+03 1.196402e+04
1910 3.513042e+03 1.240276e+04
1911 3.775115e+03 1.223533e+04
1912 4.624146e+03 1.205028e+04
1913 4.715545e+03 1.234092e+04
1914 4.261408e+03 1.171395e+04
1915 4.855228e+03 1.202494e+04
1916 5.327773e+03 1.202576e+04
1917 6.172606e+03 1.229260e+04
1918 6.479798e+03 1.220058e+04
1919 4.647464e+03 1.210612e+04
1920 6.345768e+03 1.287622e+04
1921 7.700034e+03 1.233127e+04
1922 7.415852e+03 1.220313e+04
1923 5.786839e+03 1.252766e+04
1924 5.975236e+03 1.189711e+04
1925 4.837646e+03 1.201696e+04
1926 4.749412e+03 1.199612e+04
1927 4.377312e+03 1.254812e+04
1928 6.452190e+03 1.202778e+04
1929 4.840193e+03 1.213095e+04
1930 6.550652e+03 1.214567e+04
1931 6.964067e+03 1.207173e+04
1932 6.402478e+03 1.290148e+04
1933 6.718034e+03 1.188017e+04
1934 6.154989e+03 1.248774e+04
1935 6.338457e+03 1.217590e+04
1936 6.431282e+03 1.217698e+04
1937 7.573090e+03 1.237706e+04
1938 6.653649e+03 1.201088e+04
1939 7.648784e+03 1.227685e+04
1940 8.465877e+03 1.295390e+04
1941 7.009200e+03 1.223275e+04
1942 8.496017e+03 1.219653e+04
1943 7.313011e+03 1.250915e+04
1944 6.092818e+03 1.241947e+04
1945 5.904732e+03 1.157519e+04
1946 5.953181e+03 1.225470e+04
1947 4.350271e+03 1.211152e+04
1948 6.351685e+03 1.207474e+04
1949 7.215521e+03 1.235997e+04
1950 5.557389e+03 1.205387e+04
1951 5.511791e+03 1.240314e+04
1952 4.130636e+03 1.155512e+04
1953 4.465519e+03 1.175476e+04
1954 5.597412e+03 1.241141e+04
1955 3.026936e+03 1.224031e+04
1956 2.960134e+03 1.177390e+04
1957 4.789758e+03 1.251513e+04
1958 3.779392e+03 1.211998e+04
1959 2.987831e+03 1.128810e+04
1960 5.605314e+03 1.209663e+04
1961 4.948141e+03 1.203318e+04
1962 4.507610e+03 1.169546e+04
1963 4.506525e+03 1.223619e+04
1964 5.756696e+03 1.140884e+04
1965 5.075373e+03 1.172805e+04
1966 5.421656e+03 1.199922e+04
1967 5.831972e+03 1.182030e+04
1968 6.520102e+03 1.224913e+04
1969 7.088934e+03 1.161246e+04
1970 6.225972e+03 1.218640e+04
1971 9.279454e+03 1.216927e+04
1972 9.560827e+03 1.179792e+04
1973 8.711031e+03 1.154461e+04
1974 9.600774e+03 1.190240e+04
1975 1.056563e+04 1.187697e+04
1976 8.951827e+03 1.181532e+04
1977 1.048065e+04 1.191411e+04
1978 5.963326e+03 1.180682e+04
1979 9.483544e+03 1.179621e+04
1980 1.125192e+04 1.210117e+04
1981 9.705347e+03 1.135796e+04
1982 8.925293e+03 1.090543e+04
1983 1.000875e+04 1.202363e+04
1984 1.043213e+04 1.198032e+04
1985 1.336646e+04 1.149431e+04
1986 1.159718e+04 1.194016e+04
1987 1.499373e+04 1.137488e+04
1988 1.343034e+04 1.164508e+04
1989 1.331681e+04 1.159791e+04
1990 1.277237e+04 1.180122e+04
1991 8.301722e+03 1.143126e+04
1992 1.065344e+04 1.201414e+04
1993 1.354781e+04 1.209941e+04
1994 1.258875e+04 1.121017e+04
1995 9.077192e+03 1.192713e+04
1996 8.745177e+03 1.166171e+04
1997 1.212015e+04 1.192569e+04
1998 1.026414e+04 1.193850e+04
1999 1.124352e+04 1.231824e+04
2000 1.190145e+04 1.214380e+04
2001 1.536604e+04 1.204014e+04
2002 1.343867e+04 1.200591e+04
2003 1.250296e+04 1.176862e+04
2004 1.458444e+04 1.187668e+04
2005 1.509284e+04 1.198075e+04
2006 1.225397e+04 1.143502e+04
2007 1.307415e+04 1.190049e+04
2008 1.491397e+04 1.210325e+04
2009 1.768786e+04 1.239558e+04
2010 2.116300e+04 1.228444e+04
2011 1.655584e+04 1.172340e+04
2012 1.753488e+04 1.187598e+04
2013 1.657243e+04 1.243142e+04
2014 1.941292e+04 1.239874e+04
2015 1.524692e+04 1.197247e+04
2016 1.661438e+04 1.154505e+04
2017 1.451461e+04 1.207594e+04
2018 1.485013e+04 1.173449e+04
2019 1.239768e+04 1.156443e+04
2020 1.157627e+04 1.191527e+04
2021 1.401465e+04 1.226731e+04
2022 1.255086e+04 1.165087e+04
2023 1.415987e+04 1.212143e+04
2024 1.038344e+04 1.203032e+04
2025 1.572668e+04 1.277634e+04
2026 1.449967e+04 1.191897e+04
2027 1.505471e+04 1.163548e+04
2028 1.491163e+04 1.153029e+04
2029 1.898663e+04 1.208332e+04
2030 1.380947e+04 1.181651e+04
2031 1.519256e+04 1.206739e+04
2032 1.838167e+04 1.219506e+04
2033 1.374213e+04 1.221370e+04
2034 1.211384e+04 1.311288e+04
2035 9.911838e+03 1.215713e+04
2036 8.444845e+03 1.231974e+04
2037 1.087867e+04 1.193419e+04
2038 1.223025e+04 1.209401e+04
2039 1.098156e+04 1.207173e+04
2040 1.332533e+04 1.242293e+04
2041 1.247635e+04 1.218244e+04
2042 1.156424e+04 1.223295e+04
2043 1.166684e+04 1.172963e+04
2044 1.093269e+04 1.233349e+04
2045 1.585992e+04 1.206423e+04
2046 1.487653e+04 1.214113e+04
2047 1.255493e+04 1.198617e+04
2048 1.431167e+04 1.200963e+04
2049 1.384159e+04 1.258487e+04
2050 1.470458e+04 1.195820e+04
2051 1.309723e+04 1.271395e+04
2052 1.115672e+04 1.256744e+04
2053 1.072284e+04 1.216936e+04
2054 1.064588e+04 1.195573e+04
2055 1.829085e+04 1.221653e+04
2056 1.446256e+04 1.223456e+04
2057 1.460170e+04 1.220028e+04
2058 1.664732e+04 1.192761e+04
2059 1.350154e+04 1.258290e+04
2060 1.389971e+04 1.215175e+04
2061 1.170398e+04 1.180750e+04
2062 1.100679e+04 1.272617e+04
2063 1.248134e+04 1.245806e+04
2064 1.213204e+04 1.245017e+04
2065 1.272757e+04 1.228654e+04
2066 1.475108e+04 1.207315e+04
2067 1.661780e+04 1.183433e+04
2068 1.576689e+04 1.229812e+04
2069 1.678193e+04 1.185789e+04
2070 1.183964e+04 1.246578e+04
2071 1.386523e+04 1.167159e+04
2072 1.225421e+04 1.179324e+04
2073 1.217735e+04 1.207329e+04
2074 1.335777e+04 1.243007e+04
2075 1.317207e+04 1.238421e+04
2076 1.196649e+04 1.301703e+04
2077 1.514794e+04 1.199753e+04
2078 1.544525e+04 1.231617e+04
2079 1.228774e+04 1.216725e+04
2080 1.706255e+04 1.286340e+04
2081 1.320877e+04 1.256216e+04
2082 1.282128e+04 1.208309e+04
2083 1.235035e+04 1.160380e+04
2084 1.678216e+04 1.195323e+04
2085 1.803955e+04 1.296638e+04
2086 1.505902e+04 1.247683e+04
2087 1.494235e+04 1.243569e+04
2088 1.391047e+04 1.254037e+04
2089 1.600225e+04 1.271837e+04
2090 1.629400e+04 1.278116e+04
2091 1.737462e+04 1.242845e+04
2092 1.611951e+04 1.246187e+04
2093 1.540081e+04 1.276454e+04
2094 1.898209e+04 1.253278e+04
2095 1.359249e+04 1.226806e+04
2096 1.581480e+04 1.229586e+04
2097 1.281155e+04 1.195482e+04
2098 1.376087e+04 1.244340e+04
2099 1.352322e+04 1.198786e+04
2100 1.141532e+04 1.273111e+04
2101 1.402443e+04 1.225022e+04
2102 1.143970e+04 1.238119e+04
2103 9.975458e+03 1.232035e+04
2104 1.198641e+04 1.248170e+04
2105 1.116624e+04 1.301199e+04
2106 1.370226e+04 1.244284e+04
2107 1.579409e+04 1.208325e+04
2108 1.292136e+04 1.262261e+04
2109 1.632461e+04 1.239226e+04
2110 1.670058e+04 1.276532e+04
2111 1.094718e+04 1.198696e+04
2112 1.513180e+04 1.214914e+04
2113 1.151068e+04 1.209418e+04
2114 1.307936e+04 1.261658e+04
2115 1.370299e+04 1.218950e+04
2116 1.664312e+04 1.238770e+04
2117 1.589177e+04 1.225843e+04
2118 1.703389e+04 1.234785e+04
2119 1.284528e+04 1.253725e+04
2120 1.334665e+04 1.237665e+04
2121 1.158572e+04 1.238114e+04
2122 1.420397e+04 1.246427e+04
2123 1.613335e+04 1.236394e+04
2124 1.217689e+04 1.251188e+04
2125 1.249916e+04 1.252301e+04
2126 1.282036e+04 1.207085e+04
2127 1.278926e+04 1.288219e+04
2128 1.546554e+04 1.232296e+04
2129 1.522737e+04 1.269463e+04
2130 1.173488e+04 1.170095e+04
2131 1.305210e+04 1.228691e+04
2132 1.201906e+04 1.172574e+04
2133 1.190905e+04 1.231943e+04
2134 1.187623e+04 1.221932e+04
2135 1.076386e+04 1.214712e+04
2136 1.262260e+04 1.264610e+04
2137 1.304731e+04 1.268420e+04
2138 1.265936e+04 1.246123e+04
2139 1.130944e+04 1.180122e+04
2140 1.156884e+04 1.241898e+04
2141 1.247269e+04 1.226977e+04
2142 1.460599e+04 1.272943e+04
2143 1.293371e+04 1.238524e+04
2144 9.945535e+03 1.179557e+04
2145 1.243193e+04 1.252206e+04
2146 1.278020e+04 1.254202e+04
2147 1.542852e+04 1.268526e+04
2148 1.591031e+04 1.259774e+04
2149 1.802504e+04 1.273360e+04
2150 1.122254e+04 1.253589e+04
2151 1.086096e+04 1.215878e+04
2152 1.216152e+04 1.220408e+04
2153 1.259264e+04 1.245802e+04
2154 1.409692e+04 1.239638e+04
2155 1.113505e+04 1.283004e+04
2156 7.655877e+03 1.281040e+04
2157 1.006169e+04 1.242931e+04
2158 9.851868e+03 1.264384e+04
2159 9.067157e+03 1.285398e+04
2160 1.053386e+04 1.240297e+04
2161 8.692372e+03 1.233749e+04
2162 9.077855e+03 1.248565e+04
2163 6.427274e+03 1.246500e+04
2164 1.029965e+04 1.238404e+04
2165 9.151939e+03 1.250213e+04
2166 1.048796e+04 1.262159e+04
2167 9.929451e+03 1.246361e+04
2168 7.850247e+03 1.212580e+04
2169 1.001347e+04 1.278071e+04
2170 1.253774e+04 1.252092e+04
2171 9.695835e+03 1.230143e+04
2172 1.180806e+04 1.218775e+04
2173 1.198870e+04 1.228949e+04
2174 1.005836e+04 1.259652e+04
2175 1.127152e+04 1.225282e+04
2176 9.268516e+03 1.192800e+04
2177 9.871465e+03 1.255368e+04
2178 9.825951e+03 1.252673e+04
2179 9.849690e+03 1.304304e+04
2180 1.077230e+04 1.226400e+04
2181 1.155865e+04 1.216126e+04
2182 1.194852e+04 1.289503e+04
2183 1.020060e+04 1.231880e+04
2184 9.085236e+03 1.258630e+04
2185 1.266372e+04 1.287110e+04
2186 1.012518e+04 1.189645e+04
2187 1.412254e+04 1.274680e+04
2188 1.258899e+04 1.270981e+04
2189 9.535077e+03 1.254095e+04
2190 1.140453e+04 1.199168e+04
2191 9.345466e+03 1.200943e+04
2192 1.026018e+04 1.273944e+04
2193 9.566785e+03 1.251273e+04
2194 8.696649e+03 1.234826e+04
2195 7.937880e+03 1.315193e+04
2196 7.613418e+03 1.270493e+04
2197 8.600302e+03 1.255613e+04
2198 7.629542e+03 1.201312e+04
2199 8.048116e+03 1.191950e+04
2200 8.121026e+03 1.210138e+04
2201 7.560133e+03 1.217420e+04
2202 5.736434e+03 1.279295e+04
2203 5.858223e+03 1.258657e+04
2204 4.656011e+03 1.269387e+04
2205 3.946266e+03 1.262489e+04
2206 5.728065e+03 1.262639e+04
2207 4.327779e+03 1.235048e+04
2208 3.598738e+03 1.306488e+04
2209 4.832886e+03 1.265022e+04
2210 5.771951e+03 1.265834e+04
2211 6.133664e+03 1.278263e+04
2212 6.537490e+03 1.270150e+04
2213 5.646015e+03 1.300825e+04
2214 5.139584e+03 1.278164e+04
2215 4.147088e+03 1.294238e+04
2216 4.989575e+03 1.185727e+04
2217 3.378158e+03 1.259818e+04
2218 4.687820e+03 1.302983e+04
2219 4.389987e+03 1.259577e+04
2220 4.354305e+03 1.221307e+04
2221 4.868141e+03 1.211334e+04
2222 4.805375e+03 1.203290e+04
2223 5.595053e+03 1.205281e+04
2224 4.183996e+03 1.231270e+04
2225 3.122413e+03 1.205816e+04
2226 4.248995e+03 1.191583e+04
2227 4.139203e+03 1.193680e+04
2228 5.015525e+03 1.153748e+04
2229 3.769013e+03 1.191309e+04
2230 3.473469e+03 1.185885e+04
2231 3.327521e+03 1.209302e+04
2232 3.369098e+03 1.171249e+04
2233 3.641534e+03 1.159341e+04
2234 2.487118e+03 1.199909e+04
2235 3.001406e+03 1.178214e+04
2236 4.100728e+03 1.210550e+04
2237 4.120539e+03 1.171518e+04
2238 4.337545e+03 1.224105e+04
2239 4.063962e+03 1.188213e+04
2240 4.137207e+03 1.234687e+04
2241 4.074453e+03 1.152588e+04
2242 5.115154e+03 1.179229e+04
2243 5.840395e+03 1.126655e+04
2244 5.292238e+03 1.201262e+04
2245 3.806509e+03 1.173155e+04
2246 3.730534e+03 1.149146e+04
2247 3.144951e+03 1.147159e+04
2248 3.311270e+03 1.199015e+04
2249 5.787182e+03 1.176950e+04
2250 3.365615e+03 1.195798e+04
2251 2.422924e+03 1.205212e+04
2252 1.858683e+03 1.204918e+04
2253 2.793929e+03 1.188022e+04
2254 2.470758e+03 1.206939e+04
2255 2.671146e+03 1.197237e+04
2256 2.553161e+03 1.181676e+04
2257 1.664534e+03 1.203147e+04
2258 2.739994e+03 1.150680e+04
2259 3.432071e+03 1.186240e+04
2260 1.487483e+03 1.149294e+04
2261 8.480023e+02 1.123133e+04
2262 3.094436e+03 1.246325e+04
2263 1.299844e+03 1.148924e+04
2264 3.317058e+03 1.122654e+04
2265 1.300594e+03 1.160194e+04
2266 2.518784e+03 1.124283e+04
2267 1.758676e+03 1.160898e+04
2268 2.346940e+03 1.131558e+04
2269 2.253495e+03 1.134419e+04
2270 1.055827e+03 1.158753e+04
2271 3.027644e+03 1.162758e+04
2272 1.774968e+03 1.201111e+04
2273 1.873363e+03 1.147970e+04
2274 1.626378e+03 1.169890e+04
2275 2.852445e+03 1.158961e+04
2276 1.905797e+03 1.144064e+04
2277 3.518844e+03 1.148256e+04
2278 3.195189e+03 1.146275e+04
2279 2.268656e+03 1.159281e+04
2280 3.824455e+03 1.187430e+04
2281 6.315864e+03 1.145348e+04
2282 3.737524e+03 1.182393e+04
2283 4.573158e+03 1.187386e+04
2284 2.631305e+03 1.148546e+04
2285 2.882963e+03 1.152439e+04
2286 2.907674e+03 1.141478e+04
2287 3.721061e+03 1.201921e+04
2288 2.984205e+03 1.199579e+04
2289 3.683843e+03 1.163930e+04
2290 3.654064e+03 1.140391e+04
2291 4.242971e+03 1.200624e+04
2292 4.239750e+03 1.185765e+04
2293 4.207480e+03 1.222183e+04
2294 4.352360e+03 1.128473e+04
2295 3.252228e+03 1.207172e+04
2296 1.986462e+03 1.149914e+04
2297 2.779820e+03 1.177812e+04
2298 2.837491e+03 1.161454e+04
2299 2.255803e+03 1.175440e+04
2300 3.831799e+03 1.157447e+04
2301 3.528772e+03 1.172862e+04
2302 2.925339e+03 1.164770e+04
2303 3.170860e+03 1.201950e+04
2304 4.339972e+03 1.142799e+04
2305 1.625996e+03 1.147127e+04
2306 2.819621e+03 1.195165e+04
2307 1.427551e+03 1.165689e+04
2308 2.627512e+03 1.147143e+04
2309 3.321102e+03 1.178645e+04
2310 4.243053e+03 1.134406e+04
2311 3.813875e+03 1.161312e+04
2312 4.052066e+03 1.183813e+04
2313 2.025499e+03 1.224064e+04
2314 5.017764e+03 1.220692e+04
2315 2.467800e+03 1.149393e+04
2316 2.649321e+03 1.145324e+04
2317 3.159126e+03 1.139946e+04
2318 2.441073e+03 1.168440e+04
2319 3.167163e+03 1.165336e+04
2320 1.349417e+03 1.161121e+04
2321 2.481155e+03 1.184369e+04
2322 2.823253e+03 1.168763e+04
2323 3.213653e+03 1.199155e+04
2324 2.401001e+03 1.206366e+04
2325 3.134948e+03 1.167454e+04
2326 2.878574e+03 1.161354e+04
2327 3.663225e+03 1.179876e+04
2328 2.191999e+03 1.173231e+04
2329 3.411792e+03 1.173706e+04
2330 2.861956e+03 1.145933e+04
2331 3.203145e+03 1.180051e+04
2332 2.300926e+03 1.186431e+04
2333 3.494229e+03 1.164969e+04
2334 3.164971e+03 1.188636e+04
2335 4.772351e+03 1.168499e+04
2336 4.143011e+03 1.166753e+04
2337 4.101917e+03 1.127641e+04
2338 3.418201e+03 1.197409e+04
2339 3.870533e+03 1.187928e+04
2340 2.551344e+03 1.140144e+04
2341 3.202849e+03 1.226389e+04
2342 2.797645e+03 1.149614e+04
2343 3.670158e+03 1.202683e+04
2344 3.237934e+03 1.179854e+04
2345 3.963781e+03 1.171579e+04
2346 3.918006e+03 1.155202e+04
2347 4.342049e+03 1.160855e+04
2348 4.166267e+03 1.185585e+04
2349 3.884281e+03 1.177072e+04
2350 5.509944e+03 1.136889e+04
2351 4.294207e+03 1.199989e+04
2352 5.602828e+03 1.209897e+04
2353 5.668143e+03 1.195902e+04
2354 7.165661e+03 1.189270e+04
2355 3.870244e+03 1.208662e+04
2356 4.118378e+03 1.197549e+04
2357 4.341159e+03 1.170383e+04
2358 5.039621e+03 1.221599e+04
2359 4.176488e+03 1.207781e+04
2360 1.688964e+03 1.227919e+04
2361 2.132226e+03 1.191804e+04
2362 2.193929e+03 1.184422e+04
2363 2.498855e+03 1.186746e+04
2364 4.738106e+03 1.241194e+04
2365 3.941903e+03 1.208383e+04
2366 2.314584e+03 1.205327e+04
2367 3.276306e+03 1.238934e+04
2368 3.074632e+03 1.211258e+04
2369 3.716017e+03 1.202186e+04
2370 2.272855e+03 1.187484e+04
2371 2.343652e+03 1.203136e+04
2372 2.255750e+03 1.182906e+04
2373 2.497075e+03 1.238576e+04
2374 3.061783e+03 1.205296e+04
2375 3.235935e+03 1.201779e+04
2376 3.005625e+03 1.239443e+04
2377 3.130488e+03 1.231553e+04
2378 2.102500e+03 1.211193e+04
2379 3.976728e+03 1.235806e+04
2380 4.458576e+03 1.254639e+04
2381 2.429225e+03 1.248245e+04
2382 3.519253e+03 1.206281e+04
2383 3.368441e+03 1.178326e+04
2384 2.314620e+03 1.197281e+04
2385 3.881491e+03 1.260368e+04
2386 3.112400e+03 1.214347e+04
2387 2.341270e+03 1.277914e+04
2388 4.663315e+03 1.255590e+04
2389 3.524559e+03 1.230185e+04
2390 3.112475e+03 1.271013e+04
2391 3.960467e+03 1.216315e+04
2392 2.907620e+03 1.234504e+04
2393 2.802489e+03 1.265649e+04
2394 2.575086e+03 1.266113e+04
2395 2.914402e+03 1.182631e+04
2396 5.770447e+03 1.259618e+04
2397 2.824709e+03 1.169486e+04
2398 2.869888e+03 1.281715e+04
2399 4.535454e+03 1.228612e+04
2400 4.083578e+03 1.278627e+04
2401 3.409381e+03 1.236730e+04
2402 4.457169e+03 1.253623e+04
2403 4.751659e+03 1.228106e+04
2404 3.827555e+03 1.291893e+04
2405 2.730706e+03 1.214543e+04
2406 4.316822e+03 1.208273e+04
2407 3.253481e+03 1.189211e+04
2408 4.256464e+03 1.196277e+04
2409 3.361359e+03 1.197814e+04
2410 5.294184e+03 1.228274e+04
2411 5.194925e+03 1.191769e+04
2412 3.856321e+03 1.199121e+04
2413 5.187514e+03 1.191740e+04
2414 5.482394e+03 1.248598e+04
2415 5.483945e+03 1.229305e+04
2416 5.102390e+03 1.221752e+04
2417 5.404830e+03 1.243704e+04
2418 3.651935e+03 1.213125e+04
2419 5.820427e+03 1.346265e+04
2420 7.488592e+03 1.301760e+04
2421 6.155068e+03 1.277330e+04
2422 8.270607e+03 1.245250e+04
2423 6.175134e+03 1.246620e+04
2424 5.539588e+03 1.252798e+04
2425 6.785331e+03 1.284428e+04
2426 5.829884e+03 1.255993e+04
2427 4.421149e+03 1.275819e+04
2428 7.151226e+03 1.273280e+04
2429 5.000392e+03 1.276312e+04
2430 7.378613e+03 1.267924e+04
2431 6.146152e+03 1.315364e+04
2432 6.892799e+03 1.305816e+04
2433 7.780907e+03 1.260440e+04
2434 7.669948e+03 1.245969e+04
2435 6.833053e+03 1.280750e+04
2436 8.993465e+03 1.280701e+04
2437 6.707064e+03 1.280050e+04
2438 5.338309e+03 1.267023e+04
2439 9.863684e+03 1.275728e+04
2440 6.906579e+03 1.258984e+04
2441 6.316366e+03 1.297710e+04
2442 5.417011e+03 1.268986e+04
2443 6.522190e+03 1.304398e+04
