0 -5.290252e-02 -7.233210e+00 0.000000e+00 0.000000e+00 nan
1 -1.513033e-01 -1.173431e+01 -5.290252e-02 -7.233210e+00 nan
2 -2.776400e-01 -1.313910e+01 -1.513033e-01 -1.173431e+01 nan
3 -4.085953e-01 -1.286476e+01 -2.776400e-01 -1.313910e+01 nan
4 -5.321528e-01 -1.177305e+01 -4.085953e-01 -1.286476e+01 nan
5 -6.427186e-01 -1.032276e+01 -5.321528e-01 -1.177305e+01 nan
6 -7.379656e-01 -8.734182e+00 -6.427186e-01 -1.032276e+01 nan
7 -8.131884e-01 -5.008010e+00 -7.379656e-01 -8.734182e+00 nan
8 -8.349665e-01 1.039027e-01 -8.131884e-01 -5.008010e+00 nan
9 -8.216648e-01 2.026651e+00 -8.349665e-01 1.039027e-01 nan
10 -8.021644e-01 1.638255e+00 -8.216648e-01 2.026651e+00 nan
11 -7.911159e-01 5.911381e-01 -8.021644e-01 1.638255e+00 nan
12 -7.885439e-01 2.143290e-02 -7.911159e-01 5.911381e-01 nan
13 -7.898867e-01 -2.484621e-01 -7.885439e-01 2.143290e-02 nan
14 -7.918923e-01 -1.207460e-01 -7.898867e-01 -2.484621e-01 nan
15 -7.921530e-01 5.710716e-02 -7.918923e-01 -1.207460e-01 nan
16 -7.910837e-01 1.365989e-01 -7.921530e-01 5.710716e-02 nan
17 -7.897222e-01 1.444820e-01 -7.910837e-01 1.365989e-01 nan
18 -7.880294e-01 1.929327e-01 -7.897222e-01 1.444820e-01 nan
19 -7.859009e-01 2.292620e-01 -7.880294e-01 1.929327e-01 nan
20 -7.835263e-01 2.410649e-01 -7.859009e-01 2.292620e-01 nan
21 -7.811801e-01 2.238193e-01 -7.835263e-01 2.410649e-01 nan
22 -7.791470e-01 1.795211e-01 -7.811801e-01 2.238193e-01 nan
23 -7.776683e-01 1.145127e-01 -7.791470e-01 1.795211e-01 nan
24 -7.769085e-01 3.737735e-02 -7.776683e-01 1.145127e-01 nan
25 -7.769430e-01 -4.284313e-02 -7.769085e-01 3.737735e-02 nan
26 -7.777601e-01 -1.179708e-01 -7.769430e-01 -4.284313e-02 nan
27 -7.792743e-01 -1.815239e-01 -7.777601e-01 -1.179708e-01 nan
28 -7.813460e-01 -2.291074e-01 -7.792743e-01 -1.815239e-01 nan
29 -7.838022e-01 -2.584526e-01 -7.813460e-01 -2.291074e-01 nan
30 -7.864574e-01 -2.692155e-01 -7.838022e-01 -2.584526e-01 nan
31 -7.891307e-01 -2.626316e-01 -7.864574e-01 -2.692155e-01 nan
32 -7.912356e-01 -1.201274e-01 -7.891307e-01 -2.626316e-01 nan
33 -7.916528e-01 1.946431e-02 -7.912356e-01 -1.201274e-01 nan
34 -7.911733e-01 6.180057e-02 -7.916528e-01 1.946431e-02 nan
35 -7.906210e-01 4.370446e-02 -7.911733e-01 6.180057e-02 nan
36 -7.903391e-01 1.438271e-02 -7.906210e-01 4.370446e-02 nan
37 -7.902905e-01 -1.400689e-03 -7.903391e-01 1.438271e-02 nan
38 -7.903212e-01 -2.731779e-03 -7.902905e-01 -1.400689e-03 nan
39 -7.903278e-01 1.873165e-03 -7.903212e-01 -2.731779e-03 nan
40 -7.902896e-01 5.502619e-03 -7.903278e-01 1.873165e-03 nan
41 -7.902306e-01 6.038528e-03 -7.902896e-01 5.502619e-03 nan
42 -7.901783e-01 4.492455e-03 -7.902306e-01 6.038528e-03 nan
43 -7.901449e-01 2.501732e-03 -7.901783e-01 4.492455e-03 nan
44 -7.901292e-01 9.992509e-04 -7.901449e-01 2.501732e-03 nan
45 -7.901253e-01 1.194419e-04 -7.901292e-01 9.992509e-04 nan
46 -7.901281e-01 -3.717226e-04 -7.901253e-01 1.194419e-04 nan
47 -7.901347e-01 -7.035226e-04 -7.901281e-01 -3.717226e-04 nan
48 -7.901444e-01 -9.692775e-04 -7.901347e-01 -7.035226e-04 nan
49 -7.901564e-01 -1.162774e-03 -7.901444e-01 -9.692775e-04 nan
50 -7.901697e-01 -1.254534e-03 -7.901564e-01 -1.162774e-03 nan
51 -7.901835e-01 -1.236228e-03 -7.901697e-01 -1.254534e-03 nan
52 -7.901966e-01 -1.125480e-03 -7.901835e-01 -1.236228e-03 nan
53 -7.902082e-01 -9.519985e-04 -7.901966e-01 -1.125480e-03 nan
54 -7.902179e-01 -7.443025e-04 -7.902082e-01 -9.519985e-04 nan
55 -7.902255e-01 -5.241222e-04 -7.902179e-01 -7.443025e-04 nan
56 -7.902309e-01 -3.067507e-04 -7.902255e-01 -5.241222e-04 nan
57 -7.902341e-01 -1.032748e-04 -7.902309e-01 -3.067507e-04 nan
58 -7.902354e-01 7.785694e-05 -7.902341e-01 -1.032748e-04 nan
59 -7.902350e-01 2.304024e-04 -7.902354e-01 7.785694e-05 nan
60 -7.902333e-01 3.504631e-04 -7.902350e-01 2.304024e-04 nan
61 -7.902306e-01 4.365800e-04 -7.902333e-01 3.504631e-04 nan
62 -7.902272e-01 4.895425e-04 -7.902306e-01 4.365800e-04 nan
63 -7.902234e-01 5.119636e-04 -7.902272e-01 4.895425e-04 nan
64 -7.902194e-01 5.077677e-04 -7.902234e-01 5.119636e-04 nan
65 -7.902157e-01 4.817030e-04 -7.902194e-01 5.077677e-04 nan
66 -7.902123e-01 4.389215e-04 -7.902157e-01 4.817030e-04 nan
67 -7.902094e-01 3.846268e-04 -7.902123e-01 4.389215e-04 nan
68 -7.902071e-01 3.237850e-04 -7.902094e-01 3.846268e-04 nan
69 -7.902054e-01 2.608947e-04 -7.902071e-01 3.237850e-04 nan
70 -7.902043e-01 1.998185e-04 -7.902054e-01 2.608947e-04 nan
71 -7.902038e-01 1.436778e-04 -7.902043e-01 1.998185e-04 nan
72 -7.902039e-01 9.480769e-05 -7.902038e-01 1.436778e-04 nan
73 -7.902043e-01 5.476324e-05 -7.902039e-01 9.480769e-05 nan
74 -7.902052e-01 2.436844e-05 -7.902043e-01 5.476324e-05 nan
75 -7.902063e-01 3.795262e-06 -7.902052e-01 2.436844e-05 nan
76 -7.902076e-01 -7.336476e-06 -7.902063e-01 3.795262e-06 nan
77 -7.902089e-01 -9.848092e-06 -7.902076e-01 -7.336476e-06 nan
78 -7.902101e-01 -4.887322e-06 -7.902089e-01 -9.848092e-06 nan
79 -7.902114e-01 6.183614e-06 -7.902101e-01 -4.887322e-06 nan
80 -7.902125e-01 2.189216e-05 -7.902114e-01 6.183614e-06 nan
81 -7.902133e-01 4.074807e-05 -7.902125e-01 2.189216e-05 nan
82 -7.902141e-01 6.132196e-05 -7.902133e-01 4.074807e-05 nan
83 -7.902146e-01 8.230843e-05 -7.902141e-01 6.132196e-05 nan
84 -7.902149e-01 1.025731e-04 -7.902146e-01 8.230843e-05 nan
85 -7.902150e-01 1.211841e-04 -7.902149e-01 1.025731e-04 nan
86 -7.902149e-01 1.374282e-04 -7.902150e-01 1.211841e-04 nan
87 -7.902147e-01 1.508147e-04 -7.902149e-01 1.374282e-04 nan
88 -7.902144e-01 1.610665e-04 -7.902147e-01 1.508147e-04 nan
89 -7.902139e-01 1.681031e-04 -7.902144e-01 1.610665e-04 nan
90 -7.902134e-01 1.720154e-04 -7.902139e-01 1.681031e-04 nan
91 -7.902129e-01 1.730363e-04 -7.902134e-01 1.720154e-04 nan
92 -7.902124e-01 1.715085e-04 -7.902129e-01 1.730363e-04 nan
93 -7.902119e-01 1.678514e-04 -7.902124e-01 1.715085e-04 nan
94 -7.902115e-01 1.625296e-04 -7.902119e-01 1.678514e-04 nan
95 -7.902111e-01 1.560231e-04 -7.902115e-01 1.625296e-04 nan
96 -7.902108e-01 1.488014e-04 -7.902111e-01 1.560231e-04 nan
97 -7.902106e-01 1.413028e-04 -7.902108e-01 1.488014e-04 nan
98 -7.902105e-01 1.339166e-04 -7.902106e-01 1.413028e-04 nan
99 -3.605600e-02 -6.895587e+00 0.000000e+00 0.000000e+00 nan
100 -1.318476e-01 -1.154707e+01 -3.605600e-02 -6.895587e+00 nan
101 -2.570021e-01 -1.308492e+01 -1.318476e-01 -1.154707e+01 nan
102 -3.879881e-01 -1.292029e+01 -2.570021e-01 -1.308492e+01 nan
103 -5.125616e-01 -1.191674e+01 -3.879881e-01 -1.292029e+01 nan
104 -6.249306e-01 -1.053646e+01 -5.125616e-01 -1.191674e+01 nan
105 -7.225981e-01 -9.001665e+00 -6.249306e-01 -1.053646e+01 nan
106 -8.039216e-01 -6.278690e+00 -7.225981e-01 -9.001665e+00 nan
107 -8.354867e-01 -5.681599e-01 -8.039216e-01 -6.278690e+00 nan
108 -8.258033e-01 1.931953e+00 -8.354867e-01 -5.681599e-01 nan
109 -8.055624e-01 1.821686e+00 -8.258033e-01 1.931953e+00 nan
110 -7.925116e-01 7.750764e-01 -8.055624e-01 1.821686e+00 nan
111 -7.888455e-01 8.576707e-02 -7.925116e-01 7.750764e-01 nan
112 -7.898055e-01 -2.329709e-01 -7.888455e-01 8.576707e-02 nan
113 -7.918617e-01 -1.386715e-01 -7.898055e-01 -2.329709e-01 nan
114 -7.923072e-01 4.144656e-02 -7.918617e-01 -1.386715e-01 nan
115 -7.913224e-01 1.350303e-01 -7.923072e-01 4.144656e-02 nan
116 -7.899479e-01 1.268470e-01 -7.913224e-01 1.350303e-01 nan
117 -7.883393e-01 1.864628e-01 -7.899479e-01 1.268470e-01 nan
118 -7.862427e-01 2.293620e-01 -7.883393e-01 1.864628e-01 nan
119 -7.838238e-01 2.494100e-01 -7.862427e-01 2.293620e-01 nan
120 -7.813516e-01 2.399634e-01 -7.838238e-01 2.494100e-01 nan
121 -7.791235e-01 2.015333e-01 -7.813516e-01 2.399634e-01 nan
122 -7.774045e-01 1.396319e-01 -7.791235e-01 2.015333e-01 nan
123 -7.763887e-01 6.259561e-02 -7.774045e-01 1.396319e-01 nan
124 -7.761806e-01 -2.032189e-02 -7.763887e-01 6.259561e-02 nan
125 -7.767941e-01 -1.004179e-01 -7.761806e-01 -2.032189e-02 nan
126 -7.781630e-01 -1.705145e-01 -7.767941e-01 -1.004179e-01 nan
127 -7.801597e-01 -2.254677e-01 -7.781630e-01 -1.705145e-01 nan
128 -7.826156e-01 -2.622963e-01 -7.801597e-01 -2.254677e-01 nan
129 -7.853432e-01 -2.800373e-01 -7.826156e-01 -2.622963e-01 nan
130 -7.881542e-01 -2.794338e-01 -7.853432e-01 -2.800373e-01 nan
131 -7.907432e-01 -1.903392e-01 -7.881542e-01 -2.794338e-01 nan
132 -7.917179e-01 -1.899498e-02 -7.907432e-01 -1.903392e-01 nan
133 -7.914381e-01 5.712394e-02 -7.917179e-01 -1.899498e-02 nan
134 -7.908384e-01 5.394502e-02 -7.914381e-01 5.712394e-02 nan
135 -7.904474e-01 2.382364e-02 -7.908384e-01 5.394502e-02 nan
136 -7.903322e-01 2.026829e-03 -7.904474e-01 2.382364e-02 nan
137 -7.903506e-01 -3.509410e-03 -7.903322e-01 2.026829e-03 nan
138 -7.903696e-01 2.180837e-04 -7.903506e-01 -3.509410e-03 nan
139 -7.903416e-01 4.838382e-03 -7.903696e-01 2.180837e-04 nan
140 -7.902809e-01 6.524448e-03 -7.903416e-01 4.838382e-03 nan
141 -7.902184e-01 5.509705e-03 -7.902809e-01 6.524448e-03 nan
142 -7.901725e-01 3.476466e-03 -7.902184e-01 5.509705e-03 nan
143 -7.901464e-01 1.694364e-03 -7.901725e-01 3.476466e-03 nan
144 -7.901348e-01 5.510267e-04 -7.901464e-01 1.694364e-03 nan
145 -7.901320e-01 -1.105790e-04 -7.901348e-01 5.510267e-04 nan
146 -7.901345e-01 -5.496375e-04 -7.901320e-01 -1.105790e-04 nan
147 -7.901410e-01 -9.072946e-04 -7.901345e-01 -5.496375e-04 nan
148 -7.901507e-01 -1.199842e-03 -7.901410e-01 -9.072946e-04 nan
149 -7.901629e-01 -1.394779e-03 -7.901507e-01 -1.199842e-03 nan
150 -7.901764e-01 -1.471278e-03 -7.901629e-01 -1.394779e-03 nan
151 -7.901901e-01 -1.437454e-03 -7.901764e-01 -1.471278e-03 nan
152 -7.902030e-01 -1.320045e-03 -7.901901e-01 -1.437454e-03 nan
153 -7.902145e-01 -1.149067e-03 -7.902030e-01 -1.320045e-03 nan
154 -7.902241e-01 -9.491733e-04 -7.902145e-01 -1.149067e-03 nan
155 -7.902316e-01 -7.383092e-04 -7.902241e-01 -9.491733e-04 nan
156 -7.902371e-01 -5.296850e-04 -7.902316e-01 -7.383092e-04 nan
157 -7.902405e-01 -3.337061e-04 -7.902371e-01 -5.296850e-04 nan
158 -7.902420e-01 -1.587107e-04 -7.902405e-01 -3.337061e-04 nan
159 -7.902419e-01 -1.086725e-05 -7.902420e-01 -1.587107e-04 nan
160 -7.902405e-01 1.060721e-04 -7.902419e-01 -1.086725e-05 nan
161 -7.902381e-01 1.907668e-04 -7.902405e-01 1.060721e-04 nan
162 -7.902350e-01 2.439935e-04 -7.902381e-01 1.907668e-04 nan
163 -7.902315e-01 2.681985e-04 -7.902350e-01 2.439935e-04 nan
164 -7.902279e-01 2.670269e-04 -7.902315e-01 2.681985e-04 nan
165 -7.902244e-01 2.448941e-04 -7.902279e-01 2.670269e-04 nan
166 -7.902212e-01 2.066133e-04 -7.902244e-01 2.448941e-04 nan
167 -7.902185e-01 1.570721e-04 -7.902212e-01 2.066133e-04 nan
168 -7.902163e-01 1.009576e-04 -7.902185e-01 1.570721e-04 nan
169 -7.902147e-01 4.253437e-05 -7.902163e-01 1.009576e-04 nan
170 -7.902136e-01 -1.451916e-05 -7.902147e-01 4.253437e-05 nan
171 -7.902132e-01 -6.721390e-05 -7.902136e-01 -1.451916e-05 nan
172 -7.902132e-01 -1.132962e-04 -7.902132e-01 -6.721390e-05 nan
173 -7.902136e-01 -1.512453e-04 -7.902132e-01 -1.132962e-04 nan
174 -7.902144e-01 -1.802304e-04 -7.902136e-01 -1.512453e-04 nan
175 -7.902154e-01 -2.000396e-04 -7.902144e-01 -1.802304e-04 nan
176 -7.902166e-01 -2.109876e-04 -7.902154e-01 -2.000396e-04 nan
177 -7.902178e-01 -2.138127e-04 -7.902166e-01 -2.109876e-04 nan
178 -7.902190e-01 -2.095690e-04 -7.902178e-01 -2.138127e-04 nan
179 -7.902201e-01 -1.995206e-04 -7.902190e-01 -2.095690e-04 nan
180 -7.902212e-01 -1.850429e-04 -7.902201e-01 -1.995206e-04 nan
181 -7.902220e-01 -1.675340e-04 -7.902212e-01 -1.850429e-04 nan
182 -7.902227e-01 -1.483395e-04 -7.902220e-01 -1.675340e-04 nan
183 -7.902232e-01 -1.286915e-04 -7.902227e-01 -1.483395e-04 nan
184 -7.902235e-01 -1.096634e-04 -7.902232e-01 -1.286915e-04 nan
185 -7.902236e-01 -9.213875e-05 -7.902235e-01 -1.096634e-04 nan
186 -7.902235e-01 -7.679547e-05 -7.902236e-01 -9.213875e-05 nan
187 -7.902234e-01 -6.410170e-05 -7.902235e-01 -7.679547e-05 nan
188 -7.902231e-01 -5.432354e-05 -7.902234e-01 -6.410170e-05 nan
189 -7.902226e-01 -4.754149e-05 -7.902231e-01 -5.432354e-05 nan
190 -7.902222e-01 -4.367390e-05 -7.902226e-01 -4.754149e-05 nan
191 -7.902218e-01 -4.250504e-05 -7.902222e-01 -4.367390e-05 nan
192 -7.902213e-01 -4.371579e-05 -7.902218e-01 -4.250504e-05 nan
193 -7.902208e-01 -4.691499e-05 -7.902213e-01 -4.371579e-05 nan
194 -7.902204e-01 -5.166968e-05 -7.902208e-01 -4.691499e-05 nan
195 -7.902200e-01 -5.753301e-05 -7.902204e-01 -5.166968e-05 nan
196 -7.902197e-01 -6.406862e-05 -7.902200e-01 -5.753301e-05 nan
197 -7.902195e-01 -7.087086e-05 -7.902197e-01 -6.406862e-05 nan
198 -3.607352e-02 -6.897270e+00 0.000000e+00 0.000000e+00 nan
199 -1.318797e-01 -1.154833e+01 -3.607352e-02 -6.897270e+00 nan
200 -2.570451e-01 -1.308585e+01 -1.318797e-01 -1.154833e+01 nan
201 -3.880389e-01 -1.292092e+01 -2.570451e-01 -1.308585e+01 nan
202 -5.126172e-01 -1.191710e+01 -3.880389e-01 -1.292092e+01 nan
203 -6.249885e-01 -1.053656e+01 -5.126172e-01 -1.191710e+01 nan
204 -7.226558e-01 -9.001515e+00 -6.249885e-01 -1.053656e+01 nan
205 -8.039759e-01 -6.277246e+00 -7.226558e-01 -9.001515e+00 nan
206 -8.355150e-01 -5.651049e-01 -8.039759e-01 -6.277246e+00 nan
207 -8.258054e-01 1.933933e+00 -8.355150e-01 -5.651049e-01 nan
208 -8.055528e-01 1.822124e+00 -8.258054e-01 1.933933e+00 nan
209 -7.925026e-01 7.746711e-01 -8.055528e-01 1.822124e+00 nan
210 -7.888409e-01 8.541627e-02 -7.925026e-01 7.746711e-01 nan
211 -7.898034e-01 -2.331250e-01 -7.888409e-01 8.541627e-02 nan
212 -7.918607e-01 -1.387347e-01 -7.898034e-01 -2.331250e-01 nan
213 -7.923064e-01 4.145110e-02 -7.918607e-01 -1.387347e-01 nan
214 -7.913215e-01 1.350468e-01 -7.923064e-01 4.145110e-02 nan
215 -7.899469e-01 1.268443e-01 -7.913215e-01 1.350468e-01 nan
216 -7.883379e-01 1.865169e-01 -7.899469e-01 1.268443e-01 nan
217 -7.862407e-01 2.294228e-01 -7.883379e-01 1.865169e-01 nan
218 -7.838213e-01 2.494524e-01 -7.862407e-01 2.294228e-01 nan
219 -7.813489e-01 2.399738e-01 -7.838213e-01 2.494524e-01 nan
220 -7.791208e-01 2.015081e-01 -7.813489e-01 2.399738e-01 nan
221 -7.774022e-01 1.395751e-01 -7.791208e-01 2.015081e-01 nan
222 -7.763871e-01 6.251592e-02 -7.774022e-01 1.395751e-01 nan
223 -7.761799e-01 -2.041341e-02 -7.763871e-01 6.251592e-02 nan
224 -7.767943e-01 -1.005101e-01 -7.761799e-01 -2.041341e-02 nan
225 -7.781641e-01 -1.705977e-01 -7.767943e-01 -1.005101e-01 nan
226 -7.801615e-01 -2.255346e-01 -7.781641e-01 -1.705977e-01 nan
227 -7.826180e-01 -2.623420e-01 -7.801615e-01 -2.255346e-01 nan
228 -7.853460e-01 -2.800598e-01 -7.826180e-01 -2.623420e-01 nan
229 -7.881571e-01 -2.794333e-01 -7.853460e-01 -2.800598e-01 nan
230 -7.907457e-01 -1.902272e-01 -7.881571e-01 -2.794333e-01 nan
231 -7.917190e-01 -1.883725e-02 -7.907457e-01 -1.902272e-01 nan
232 -7.914380e-01 5.720733e-02 -7.917190e-01 -1.883725e-02 nan
233 -7.908378e-01 5.395272e-02 -7.914380e-01 5.720733e-02 nan
234 -7.904469e-01 2.379941e-02 -7.908378e-01 5.395272e-02 nan
235 -7.903320e-01 2.005487e-03 -7.904469e-01 2.379941e-02 nan
236 -7.903506e-01 -3.517067e-03 -7.903320e-01 2.005487e-03 nan
237 -7.903696e-01 2.195507e-04 -7.903506e-01 -3.517067e-03 nan
238 -7.903414e-01 4.841462e-03 -7.903696e-01 2.195507e-04 nan
239 -7.902809e-01 6.525111e-03 -7.903414e-01 4.841462e-03 nan
240 -7.902183e-01 5.507742e-03 -7.902809e-01 6.525111e-03 nan
241 -7.901725e-01 3.473326e-03 -7.902183e-01 5.507742e-03 nan
242 -7.901463e-01 1.691338e-03 -7.901725e-01 3.473326e-03 nan
243 -7.901348e-01 5.486339e-04 -7.901463e-01 1.691338e-03 nan
244 -7.901320e-01 -1.123742e-04 -7.901348e-01 5.486339e-04 nan
245 -7.901345e-01 -5.510299e-04 -7.901320e-01 -1.123742e-04 nan
246 -7.901410e-01 -9.084071e-04 -7.901345e-01 -5.510299e-04 nan
247 -7.901507e-01 -1.200693e-03 -7.901410e-01 -9.084071e-04 nan
248 -7.901629e-01 -1.395340e-03 -7.901507e-01 -1.200693e-03 nan
249 -7.901765e-01 -1.471533e-03 -7.901629e-01 -1.395340e-03 nan
250 -7.901902e-01 -1.437420e-03 -7.901765e-01 -1.471533e-03 nan
251 -7.902031e-01 -1.319762e-03 -7.901902e-01 -1.437420e-03 nan
252 -7.902145e-01 -1.148585e-03 -7.902031e-01 -1.319762e-03 nan
253 -7.902241e-01 -9.485431e-04 -7.902145e-01 -1.148585e-03 nan
254 -7.902317e-01 -7.375772e-04 -7.902241e-01 -9.485431e-04 nan
255 -7.902371e-01 -5.288935e-04 -7.902317e-01 -7.375772e-04 nan
256 -7.902405e-01 -3.328941e-04 -7.902371e-01 -5.288935e-04 nan
257 -7.902420e-01 -1.579131e-04 -7.902405e-01 -3.328941e-04 nan
258 -7.902419e-01 -1.011390e-05 -7.902420e-01 -1.579131e-04 nan
259 -7.902405e-01 1.067574e-04 -7.902419e-01 -1.011390e-05 nan
260 -7.902381e-01 1.913667e-04 -7.902405e-01 1.067574e-04 nan
261 -7.902350e-01 2.444973e-04 -7.902381e-01 1.913667e-04 nan
262 -7.902315e-01 2.686016e-04 -7.902350e-01 2.444973e-04 nan
263 -7.902279e-01 2.673296e-04 -7.902315e-01 2.686016e-04 nan
264 -7.902244e-01 2.451014e-04 -7.902279e-01 2.673296e-04 nan
265 -7.902212e-01 2.067336e-04 -7.902244e-01 2.451014e-04 nan
266 -7.902185e-01 1.571160e-04 -7.902212e-01 2.067336e-04 nan
267 -7.902163e-01 1.009374e-04 -7.902185e-01 1.571160e-04 nan
268 -7.902147e-01 4.246289e-05 -7.902163e-01 1.009374e-04 nan
269 -7.902136e-01 -1.462930e-05 -7.902147e-01 4.246289e-05 nan
270 -7.902132e-01 -6.735075e-05 -7.902136e-01 -1.462930e-05 nan
271 -7.902132e-01 -1.134490e-04 -7.902132e-01 -6.735075e-05 nan
272 -7.902136e-01 -1.514047e-04 -7.902132e-01 -1.134490e-04 nan
273 -7.902144e-01 -1.803888e-04 -7.902136e-01 -1.514047e-04 nan
274 -7.902154e-01 -2.001909e-04 -7.902144e-01 -1.803888e-04 nan
275 -7.902166e-01 -2.111276e-04 -7.902154e-01 -2.001909e-04 nan
276 -7.902178e-01 -2.139384e-04 -7.902166e-01 -2.111276e-04 nan
277 -7.902190e-01 -2.096789e-04 -7.902178e-01 -2.139384e-04 nan
278 -7.902201e-01 -1.996144e-04 -7.902190e-01 -2.096789e-04 nan
279 -7.902212e-01 -1.851210e-04 -7.902201e-01 -1.996144e-04 nan
280 -7.902220e-01 -1.675976e-04 -7.902212e-01 -1.851210e-04 nan
281 -7.902227e-01 -1.483902e-04 -7.902220e-01 -1.675976e-04 nan
282 -7.902232e-01 -1.287314e-04 -7.902227e-01 -1.483902e-04 nan
283 -7.902235e-01 -1.096944e-04 -7.902232e-01 -1.287314e-04 nan
284 -7.902236e-01 -9.216291e-05 -7.902235e-01 -1.096944e-04 nan
285 -7.902235e-01 -7.681462e-05 -7.902236e-01 -9.216291e-05 nan
286 -7.902234e-01 -6.411744e-05 -7.902235e-01 -7.681462e-05 nan
287 -7.902231e-01 -5.433716e-05 -7.902234e-01 -6.411744e-05 nan
288 -7.902226e-01 -4.755398e-05 -7.902231e-01 -5.433716e-05 nan
289 -7.902222e-01 -4.368593e-05 -7.902226e-01 -4.755398e-05 nan
290 -7.902218e-01 -4.251697e-05 -7.902222e-01 -4.368593e-05 nan
291 -7.902213e-01 -4.372773e-05 -7.902218e-01 -4.251697e-05 nan
292 -7.902208e-01 -4.692682e-05 -7.902213e-01 -4.372773e-05 nan
293 -7.902204e-01 -5.168113e-05 -7.902208e-01 -4.692682e-05 nan
294 -7.902200e-01 -5.754370e-05 -7.902204e-01 -5.168113e-05 nan
295 -7.902197e-01 -6.407811e-05 -7.902200e-01 -5.754370e-05 nan
296 -7.902195e-01 -7.087869e-05 -7.902197e-01 -6.407811e-05 nan
297 -3.607348e-02 -6.897270e+00 0.000000e+00 0.000000e+00 nan
298 -1.318797e-01 -1.154833e+01 -3.607348e-02 -6.897270e+00 nan
299 -2.570451e-01 -1.308585e+01 -1.318797e-01 -1.154833e+01 nan
300 -3.880389e-01 -1.292092e+01 -2.570451e-01 -1.308585e+01 nan
301 -5.126172e-01 -1.191710e+01 -3.880389e-01 -1.292092e+01 nan
302 -6.249885e-01 -1.053656e+01 -5.126172e-01 -1.191710e+01 nan
303 -7.226557e-01 -9.001516e+00 -6.249885e-01 -1.053656e+01 nan
304 -8.039759e-01 -6.277246e+00 -7.226557e-01 -9.001516e+00 nan
305 -8.355150e-01 -5.651059e-01 -8.039759e-01 -6.277246e+00 nan
306 -8.258054e-01 1.933932e+00 -8.355150e-01 -5.651059e-01 nan
307 -8.055528e-01 1.822124e+00 -8.258054e-01 1.933932e+00 nan
308 -7.925026e-01 7.746713e-01 -8.055528e-01 1.822124e+00 nan
309 -7.888409e-01 8.541641e-02 -7.925026e-01 7.746713e-01 nan
310 -7.898034e-01 -2.331250e-01 -7.888409e-01 8.541641e-02 nan
311 -7.918607e-01 -1.387347e-01 -7.898034e-01 -2.331250e-01 nan
312 -7.923064e-01 4.145109e-02 -7.918607e-01 -1.387347e-01 nan
313 -7.913215e-01 1.350468e-01 -7.923064e-01 4.145109e-02 nan
314 -7.899469e-01 1.268443e-01 -7.913215e-01 1.350468e-01 nan
315 -7.883379e-01 1.865169e-01 -7.899469e-01 1.268443e-01 nan
316 -7.862407e-01 2.294228e-01 -7.883379e-01 1.865169e-01 nan
317 -7.838213e-01 2.494525e-01 -7.862407e-01 2.294228e-01 nan
318 -7.813489e-01 2.399739e-01 -7.838213e-01 2.494525e-01 nan
319 -7.791208e-01 2.015081e-01 -7.813489e-01 2.399739e-01 nan
320 -7.774022e-01 1.395751e-01 -7.791208e-01 2.015081e-01 nan
321 -7.763871e-01 6.251597e-02 -7.774022e-01 1.395751e-01 nan
322 -7.761799e-01 -2.041337e-02 -7.763871e-01 6.251597e-02 nan
323 -7.767943e-01 -1.005101e-01 -7.761799e-01 -2.041337e-02 nan
324 -7.781641e-01 -1.705977e-01 -7.767943e-01 -1.005101e-01 nan
325 -7.801615e-01 -2.255346e-01 -7.781641e-01 -1.705977e-01 nan
326 -7.826180e-01 -2.623420e-01 -7.801615e-01 -2.255346e-01 nan
327 -7.853460e-01 -2.800598e-01 -7.826180e-01 -2.623420e-01 nan
328 -7.881571e-01 -2.794333e-01 -7.853460e-01 -2.800598e-01 nan
329 -7.907457e-01 -1.902274e-01 -7.881571e-01 -2.794333e-01 nan
330 -7.917190e-01 -1.883744e-02 -7.907457e-01 -1.902274e-01 nan
331 -7.914380e-01 5.720723e-02 -7.917190e-01 -1.883744e-02 nan
332 -7.908378e-01 5.395271e-02 -7.914380e-01 5.720723e-02 nan
333 -7.904469e-01 2.379944e-02 -7.908378e-01 5.395271e-02 nan
334 -7.903320e-01 2.005513e-03 -7.904469e-01 2.379944e-02 nan
335 -7.903506e-01 -3.517058e-03 -7.903320e-01 2.005513e-03 nan
336 -7.903696e-01 2.195479e-04 -7.903506e-01 -3.517058e-03 nan
337 -7.903414e-01 4.841458e-03 -7.903696e-01 2.195479e-04 nan
338 -7.902809e-01 6.525109e-03 -7.903414e-01 4.841458e-03 nan
339 -7.902183e-01 5.507743e-03 -7.902809e-01 6.525109e-03 nan
340 -7.901725e-01 3.473329e-03 -7.902183e-01 5.507743e-03 nan
341 -7.901463e-01 1.691340e-03 -7.901725e-01 3.473329e-03 nan
342 -7.901348e-01 5.486351e-04 -7.901463e-01 1.691340e-03 nan
343 -7.901320e-01 -1.123735e-04 -7.901348e-01 5.486351e-04 nan
344 -7.901345e-01 -5.510296e-04 -7.901320e-01 -1.123735e-04 nan
345 -7.901410e-01 -9.084070e-04 -7.901345e-01 -5.510296e-04 nan
346 -7.901507e-01 -1.200693e-03 -7.901410e-01 -9.084070e-04 nan
347 -7.901629e-01 -1.395340e-03 -7.901507e-01 -1.200693e-03 nan
348 -7.901765e-01 -1.471533e-03 -7.901629e-01 -1.395340e-03 nan
349 -7.901902e-01 -1.437420e-03 -7.901765e-01 -1.471533e-03 nan
350 -7.902031e-01 -1.319762e-03 -7.901902e-01 -1.437420e-03 nan
351 -7.902145e-01 -1.148585e-03 -7.902031e-01 -1.319762e-03 nan
352 -7.902241e-01 -9.485435e-04 -7.902145e-01 -1.148585e-03 nan
353 -7.902317e-01 -7.375775e-04 -7.902241e-01 -9.485435e-04 nan
354 -7.902371e-01 -5.288938e-04 -7.902317e-01 -7.375775e-04 nan
355 -7.902405e-01 -3.328944e-04 -7.902371e-01 -5.288938e-04 nan
356 -7.902420e-01 -1.579133e-04 -7.902405e-01 -3.328944e-04 nan
357 -7.902419e-01 -1.011404e-05 -7.902420e-01 -1.579133e-04 nan
358 -7.902405e-01 1.067573e-04 -7.902419e-01 -1.011404e-05 nan
359 -7.902381e-01 1.913667e-04 -7.902405e-01 1.067573e-04 nan
360 -7.902350e-01 2.444974e-04 -7.902381e-01 1.913667e-04 nan
361 -7.902315e-01 2.686017e-04 -7.902350e-01 2.444974e-04 nan
362 -7.902279e-01 2.673298e-04 -7.902315e-01 2.686017e-04 nan
363 -7.902244e-01 2.451016e-04 -7.902279e-01 2.673298e-04 nan
364 -7.902212e-01 2.067338e-04 -7.902244e-01 2.451016e-04 nan
365 -7.902185e-01 1.571163e-04 -7.902212e-01 2.067338e-04 nan
366 -7.902163e-01 1.009377e-04 -7.902185e-01 1.571163e-04 nan
367 -7.902147e-01 4.246313e-05 -7.902163e-01 1.009377e-04 nan
368 -7.902136e-01 -1.462906e-05 -7.902147e-01 4.246313e-05 nan
369 -7.902132e-01 -6.735053e-05 -7.902136e-01 -1.462906e-05 nan
370 -7.902132e-01 -1.134488e-04 -7.902132e-01 -6.735053e-05 nan
371 -7.902136e-01 -1.514045e-04 -7.902132e-01 -1.134488e-04 nan
372 -7.902144e-01 -1.803887e-04 -7.902136e-01 -1.514045e-04 nan
373 -7.902154e-01 -2.001908e-04 -7.902144e-01 -1.803887e-04 nan
374 -7.902166e-01 -2.111275e-04 -7.902154e-01 -2.001908e-04 nan
375 -7.902178e-01 -2.139384e-04 -7.902166e-01 -2.111275e-04 nan
376 -7.902190e-01 -2.096789e-04 -7.902178e-01 -2.139384e-04 nan
377 -7.902201e-01 -1.996143e-04 -7.902190e-01 -2.096789e-04 nan
378 -7.902212e-01 -1.851210e-04 -7.902201e-01 -1.996143e-04 nan
379 -7.902220e-01 -1.675976e-04 -7.902212e-01 -1.851210e-04 nan
380 -7.902227e-01 -1.483902e-04 -7.902220e-01 -1.675976e-04 nan
381 -7.902232e-01 -1.287314e-04 -7.902227e-01 -1.483902e-04 nan
382 -7.902235e-01 -1.096944e-04 -7.902232e-01 -1.287314e-04 nan
383 -7.902236e-01 -9.216296e-05 -7.902235e-01 -1.096944e-04 nan
384 -7.902235e-01 -7.681467e-05 -7.902236e-01 -9.216296e-05 nan
385 -7.902234e-01 -6.411749e-05 -7.902235e-01 -7.681467e-05 nan
386 -7.902231e-01 -5.433721e-05 -7.902234e-01 -6.411749e-05 nan
387 -7.902226e-01 -4.755403e-05 -7.902231e-01 -5.433721e-05 nan
388 -7.902222e-01 -4.368598e-05 -7.902226e-01 -4.755403e-05 nan
389 -7.902218e-01 -4.251702e-05 -7.902222e-01 -4.368598e-05 nan
390 -7.902213e-01 -4.372778e-05 -7.902218e-01 -4.251702e-05 nan
391 -7.902208e-01 -4.692686e-05 -7.902213e-01 -4.372778e-05 nan
392 -7.902204e-01 -5.168117e-05 -7.902208e-01 -4.692686e-05 nan
393 -7.902200e-01 -5.754373e-05 -7.902204e-01 -5.168117e-05 nan
394 -7.902197e-01 -6.407814e-05 -7.902200e-01 -5.754373e-05 nan
395 -7.902195e-01 -7.087872e-05 -7.902197e-01 -6.407814e-05 nan
396 -3.607374e-02 -6.897265e+00 0.000000e+00 0.000000e+00 nan
397 -1.318799e-01 -1.154833e+01 -3.607374e-02 -6.897265e+00 nan
398 -2.570452e-01 -1.308584e+01 -1.318799e-01 -1.154833e+01 nan
399 -3.880390e-01 -1.292092e+01 -2.570452e-01 -1.308584e+01 nan
400 -5.126173e-01 -1.191710e+01 -3.880390e-01 -1.292092e+01 nan
401 -6.249886e-01 -1.053655e+01 -5.126173e-01 -1.191710e+01 nan
402 -7.226557e-01 -9.001513e+00 -6.249886e-01 -1.053655e+01 nan
403 -8.039759e-01 -6.277245e+00 -7.226557e-01 -9.001513e+00 nan
404 -8.355150e-01 -5.651067e-01 -8.039759e-01 -6.277245e+00 nan
405 -8.258053e-01 1.933931e+00 -8.355150e-01 -5.651067e-01 nan
406 -8.055528e-01 1.822123e+00 -8.258053e-01 1.933931e+00 nan
407 -7.925026e-01 7.746712e-01 -8.055528e-01 1.822123e+00 nan
408 -7.888409e-01 8.541653e-02 -7.925026e-01 7.746712e-01 nan
409 -7.898034e-01 -2.331248e-01 -7.888409e-01 8.541653e-02 nan
410 -7.918607e-01 -1.387347e-01 -7.898034e-01 -2.331248e-01 nan
411 -7.923064e-01 4.145097e-02 -7.918607e-01 -1.387347e-01 nan
412 -7.913215e-01 1.350467e-01 -7.923064e-01 4.145097e-02 nan
413 -7.899469e-01 1.268442e-01 -7.913215e-01 1.350467e-01 nan
414 -7.883379e-01 1.865167e-01 -7.899469e-01 1.268442e-01 nan
415 -7.862407e-01 2.294226e-01 -7.883379e-01 1.865167e-01 nan
416 -7.838213e-01 2.494522e-01 -7.862407e-01 2.294226e-01 nan
417 -7.813489e-01 2.399736e-01 -7.838213e-01 2.494522e-01 nan
418 -7.791208e-01 2.015079e-01 -7.813489e-01 2.399736e-01 nan
419 -7.774022e-01 1.395750e-01 -7.791208e-01 2.015079e-01 nan
420 -7.763872e-01 6.251589e-02 -7.774022e-01 1.395750e-01 nan
421 -7.761799e-01 -2.041337e-02 -7.763872e-01 6.251589e-02 nan
422 -7.767943e-01 -1.005100e-01 -7.761799e-01 -2.041337e-02 nan
423 -7.781641e-01 -1.705976e-01 -7.767943e-01 -1.005100e-01 nan
424 -7.801615e-01 -2.255344e-01 -7.781641e-01 -1.705976e-01 nan
425 -7.826180e-01 -2.623418e-01 -7.801615e-01 -2.255344e-01 nan
426 -7.853460e-01 -2.800596e-01 -7.826180e-01 -2.623418e-01 nan
427 -7.881571e-01 -2.794330e-01 -7.853460e-01 -2.800596e-01 nan
428 -7.907457e-01 -1.902271e-01 -7.881571e-01 -2.794330e-01 nan
429 -7.917190e-01 -1.883723e-02 -7.907457e-01 -1.902271e-01 nan
430 -7.914380e-01 5.720729e-02 -7.917190e-01 -1.883723e-02 nan
431 -7.908378e-01 5.395267e-02 -7.914380e-01 5.720729e-02 nan
432 -7.904469e-01 2.379939e-02 -7.908378e-01 5.395267e-02 nan
433 -7.903320e-01 2.005479e-03 -7.904469e-01 2.379939e-02 nan
434 -7.903506e-01 -3.517068e-03 -7.903320e-01 2.005479e-03 nan
435 -7.903696e-01 2.195480e-04 -7.903506e-01 -3.517068e-03 nan
436 -7.903414e-01 4.841457e-03 -7.903696e-01 2.195480e-04 nan
437 -7.902809e-01 6.525105e-03 -7.903414e-01 4.841457e-03 nan
438 -7.902183e-01 5.507737e-03 -7.902809e-01 6.525105e-03 nan
439 -7.901725e-01 3.473324e-03 -7.902183e-01 5.507737e-03 nan
440 -7.901463e-01 1.691338e-03 -7.901725e-01 3.473324e-03 nan
441 -7.901348e-01 5.486346e-04 -7.901463e-01 1.691338e-03 nan
442 -7.901320e-01 -1.123726e-04 -7.901348e-01 5.486346e-04 nan
443 -7.901345e-01 -5.510279e-04 -7.901320e-01 -1.123726e-04 nan
444 -7.901410e-01 -9.084048e-04 -7.901345e-01 -5.510279e-04 nan
445 -7.901507e-01 -1.200690e-03 -7.901410e-01 -9.084048e-04 nan
446 -7.901629e-01 -1.395338e-03 -7.901507e-01 -1.200690e-03 nan
447 -7.901765e-01 -1.471531e-03 -7.901629e-01 -1.395338e-03 nan
448 -7.901902e-01 -1.437418e-03 -7.901765e-01 -1.471531e-03 nan
449 -7.902031e-01 -1.319760e-03 -7.901902e-01 -1.437418e-03 nan
450 -7.902145e-01 -1.148583e-03 -7.902031e-01 -1.319760e-03 nan
451 -7.902241e-01 -9.485420e-04 -7.902145e-01 -1.148583e-03 nan
452 -7.902317e-01 -7.375764e-04 -7.902241e-01 -9.485420e-04 nan
453 -7.902371e-01 -5.288932e-04 -7.902317e-01 -7.375764e-04 nan
454 -7.902405e-01 -3.328941e-04 -7.902371e-01 -5.288932e-04 nan
455 -7.902420e-01 -1.579134e-04 -7.902405e-01 -3.328941e-04 nan
456 -7.902419e-01 -1.011443e-05 -7.902420e-01 -1.579134e-04 nan
457 -7.902405e-01 1.067567e-04 -7.902419e-01 -1.011443e-05 nan
458 -7.902381e-01 1.913659e-04 -7.902405e-01 1.067567e-04 nan
459 -7.902350e-01 2.444965e-04 -7.902381e-01 1.913659e-04 nan
460 -7.902315e-01 2.686007e-04 -7.902350e-01 2.444965e-04 nan
461 -7.902279e-01 2.673288e-04 -7.902315e-01 2.686007e-04 nan
462 -7.902244e-01 2.451007e-04 -7.902279e-01 2.673288e-04 nan
463 -7.902212e-01 2.067330e-04 -7.902244e-01 2.451007e-04 nan
464 -7.902185e-01 1.571156e-04 -7.902212e-01 2.067330e-04 nan
465 -7.902163e-01 1.009371e-04 -7.902185e-01 1.571156e-04 nan
466 -7.902147e-01 4.246269e-05 -7.902163e-01 1.009371e-04 nan
467 -7.902136e-01 -1.462936e-05 -7.902147e-01 4.246269e-05 nan
468 -7.902132e-01 -6.735069e-05 -7.902136e-01 -1.462936e-05 nan
469 -7.902132e-01 -1.134489e-04 -7.902132e-01 -6.735069e-05 nan
470 -7.902136e-01 -1.514045e-04 -7.902132e-01 -1.134489e-04 nan
471 -7.902144e-01 -1.803885e-04 -7.902136e-01 -1.514045e-04 nan
472 -7.902154e-01 -2.001906e-04 -7.902144e-01 -1.803885e-04 nan
473 -7.902166e-01 -2.111272e-04 -7.902154e-01 -2.001906e-04 nan
474 -7.902178e-01 -2.139381e-04 -7.902166e-01 -2.111272e-04 nan
475 -7.902190e-01 -2.096786e-04 -7.902178e-01 -2.139381e-04 nan
476 -7.902201e-01 -1.996140e-04 -7.902190e-01 -2.096786e-04 nan
477 -7.902212e-01 -1.851207e-04 -7.902201e-01 -1.996140e-04 nan
478 -7.902220e-01 -1.675973e-04 -7.902212e-01 -1.851207e-04 nan
479 -7.902227e-01 -1.483900e-04 -7.902220e-01 -1.675973e-04 nan
480 -7.902232e-01 -1.287312e-04 -7.902227e-01 -1.483900e-04 nan
481 -7.902235e-01 -1.096943e-04 -7.902232e-01 -1.287312e-04 nan
482 -7.902236e-01 -9.216285e-05 -7.902235e-01 -1.096943e-04 nan
483 -7.902235e-01 -7.681461e-05 -7.902236e-01 -9.216285e-05 nan
484 -7.902234e-01 -6.411746e-05 -7.902235e-01 -7.681461e-05 nan
485 -7.902231e-01 -5.433722e-05 -7.902234e-01 -6.411746e-05 nan
486 -7.902226e-01 -4.755407e-05 -7.902231e-01 -5.433722e-05 nan
487 -7.902222e-01 -4.368603e-05 -7.902226e-01 -4.755407e-05 nan
488 -7.902218e-01 -4.251708e-05 -7.902222e-01 -4.368603e-05 nan
489 -7.902213e-01 -4.372785e-05 -7.902218e-01 -4.251708e-05 nan
490 -7.902208e-01 -4.692695e-05 -7.902213e-01 -4.372785e-05 nan
491 -7.902204e-01 -5.168125e-05 -7.902208e-01 -4.692695e-05 nan
492 -7.902200e-01 -5.754381e-05 -7.902204e-01 -5.168125e-05 nan
493 -7.902197e-01 -6.407821e-05 -7.902200e-01 -5.754381e-05 nan
494 -7.902195e-01 -7.087878e-05 -7.902197e-01 -6.407821e-05 nan
