   1.0000000e+00  -1.9555782e+00   9.5654368e-01   2.4135905e-04   4.8271810e-04   2.4135905e-04
   1.0000000e+00  -1.9111971e+00   9.1497583e-01   9.4469184e-04   1.8893837e-03   9.4469184e-04
   1.0000000e+00  -1.8668923e+00   8.7521455e-01   2.0805671e-03   4.1611343e-03   2.0805671e-03
   1.0000000e+00  -1.8226949e+00   8.3718165e-01   3.6216815e-03   7.2433630e-03   3.6216815e-03
   1.0000000e+00  -1.7786318e+00   8.0080265e-01   5.5427172e-03   1.1085434e-02   5.5427172e-03
   1.0000000e+00  -1.7347258e+00   7.6600660e-01   7.8202080e-03   1.5640416e-02   7.8202080e-03
   1.0000000e+00  -1.6909964e+00   7.3272603e-01   1.0432413e-02   2.0864827e-02   1.0432413e-02
   1.0000000e+00  -1.6474600e+00   7.0089678e-01   1.3359200e-02   2.6718400e-02   1.3359200e-02
   1.0000000e+00  -1.6041302e+00   6.7045791e-01   1.6581932e-02   3.3163863e-02   1.6581932e-02
   1.0000000e+00  -1.5610181e+00   6.4135154e-01   2.0083366e-02   4.0166731e-02   2.0083366e-02
   1.0000000e+00  -1.5181325e+00   6.1352277e-01   2.3847556e-02   4.7695113e-02   2.3847556e-02
   1.0000000e+00  -1.4754804e+00   5.8691951e-01   2.7859766e-02   5.5719532e-02   2.7859766e-02
   1.0000000e+00  -1.4330669e+00   5.6149239e-01   3.2106382e-02   6.4212763e-02   3.2106382e-02
   1.0000000e+00  -1.3908953e+00   5.3719462e-01   3.6574836e-02   7.3149672e-02   3.6574836e-02
   1.0000000e+00  -1.3489677e+00   5.1398189e-01   4.1253537e-02   8.2507074e-02   4.1253537e-02
   1.0000000e+00  -1.3072850e+00   4.9181224e-01   4.6131802e-02   9.2263604e-02   4.6131802e-02
   1.0000000e+00  -1.2658468e+00   4.7064594e-01   5.1199793e-02   1.0239959e-01   5.1199793e-02
   1.0000000e+00  -1.2246516e+00   4.5044543e-01   5.6448462e-02   1.1289692e-01   5.6448462e-02
   1.0000000e+00  -1.1836972e+00   4.3117518e-01   6.1869497e-02   1.2373899e-01   6.1869497e-02
   1.0000000e+00  -1.1429805e+00   4.1280160e-01   6.7455274e-02   1.3491055e-01   6.7455274e-02
   1.0000000e+00  -1.1024977e+00   3.9529296e-01   7.3198808e-02   1.4639762e-01   7.3198808e-02
   1.0000000e+00  -1.0622444e+00   3.7861930e-01   7.9093718e-02   1.5818744e-01   7.9093718e-02
   1.0000000e+00  -1.0222156e+00   3.6275234e-01   8.5134181e-02   1.7026836e-01   8.5134181e-02
   1.0000000e+00  -9.8240579e-01   3.4766539e-01   9.1314900e-02   1.8262980e-01   9.1314900e-02
   1.0000000e+00  -9.4280904e-01   3.3333333e-01   9.7631073e-02   1.9526215e-01   9.7631073e-02
   1.0000000e+00  -9.0341904e-01   3.1973247e-01   1.0407836e-01   2.0815671e-01   1.0407836e-01
   1.0000000e+00  -8.6422914e-01   3.0684052e-01   1.1065284e-01   2.2130569e-01   1.1065284e-01
   1.0000000e+00  -8.2523238e-01   2.9463653e-01   1.1735104e-01   2.3470207e-01   1.1735104e-01
   1.0000000e+00  -7.8642154e-01   2.8310082e-01   1.2416982e-01   2.4833964e-01   1.2416982e-01
   1.0000000e+00  -7.4778918e-01   2.7221494e-01   1.3110644e-01   2.6221288e-01   1.3110644e-01
   1.0000000e+00  -7.0932764e-01   2.6196160e-01   1.3815849e-01   2.7631698e-01   1.3815849e-01
   1.0000000e+00  -6.7102909e-01   2.5232463e-01   1.4532388e-01   2.9064777e-01   1.4532388e-01
   1.0000000e+00  -6.3288556e-01   2.4328894e-01   1.5260084e-01   3.0520169e-01   1.5260084e-01
   1.0000000e+00  -5.9488894e-01   2.3484048e-01   1.5998789e-01   3.1997577e-01   1.5998789e-01
   1.0000000e+00  -5.5703100e-01   2.2696620e-01   1.6748380e-01   3.3496760e-01   1.6748380e-01
   1.0000000e+00  -5.1930341e-01   2.1965398e-01   1.7508764e-01   3.5017529e-01   1.7508764e-01
   1.0000000e+00  -4.8169777e-01   2.1289267e-01   1.8279873e-01   3.6559745e-01   1.8279873e-01
   1.0000000e+00  -4.4420558e-01   2.0667199e-01   1.9061660e-01   3.8123320e-01   1.9061660e-01
   1.0000000e+00  -4.0681832e-01   2.0098252e-01   1.9854105e-01   3.9708210e-01   1.9854105e-01
   1.0000000e+00  -3.6952738e-01   1.9581571e-01   2.0657208e-01   4.1314417e-01   2.0657208e-01
   1.0000000e+00  -3.3232411e-01   1.9116382e-01   2.1470993e-01   4.2941985e-01   2.1470993e-01
   1.0000000e+00  -2.9519984e-01   1.8701990e-01   2.2295501e-01   4.4591003e-01   2.2295501e-01
   1.0000000e+00  -2.5814587e-01   1.8337778e-01   2.3130798e-01   4.6261596e-01   2.3130798e-01
   1.0000000e+00  -2.2115344e-01   1.8023207e-01   2.3976966e-01   4.7953932e-01   2.3976966e-01
   1.0000000e+00  -1.8421380e-01   1.7757812e-01   2.4834108e-01   4.9668216e-01   2.4834108e-01
   1.0000000e+00  -1.4731819e-01   1.7541200e-01   2.5702345e-01   5.1404691e-01   2.5702345e-01
   1.0000000e+00  -1.1045780e-01   1.7373054e-01   2.6581818e-01   5.3163637e-01   2.6581818e-01
   1.0000000e+00  -7.3623846e-02   1.7253125e-01   2.7472685e-01   5.4945370e-01   2.7472685e-01
   1.0000000e+00  -3.6807516e-02   1.7181238e-01   2.8375122e-01   5.6750243e-01   2.8375122e-01
   1.0000000e+00   0.0000000e+00   1.7157288e-01   2.9289322e-01   5.8578644e-01   2.9289322e-01
