L_SFE   3993    10724   118     0       12.2    0
L_SAA   -20545  -18709  -118    0       12.3    0
L_HR    833     7635    120     0       1       0
L_EB    4189    22104   -118    0       -12.3   0
L_WR    9715    21653   119     0       1       0
L_WFE   -28204  -21592  8257    0       234.3   0
L_WAA   12796   27699   -8257   0       259.6   0

R_SFE   732     5104    120     0       12      0
R_SAA   -17598  -17581  -119    0       12.3    0
R_HR    15744   15801   115     0       1       0
R_EB    -20225  -18155  118     0       12.1    0
R_WR    -4411   -2765   118     0       1       0
R_WFE   -17307  -16639  8257    0       228.7   0
R_WAA   -17581  -16007  8257    0       263.2   0

L_HFE   -18231  20757   117     0       28.4    0
L_HAA   6563    7227    -117    0       5.55    0
L_HFR   622     11016   -119    0       1       0
L_KFE   -17711  20921   118     0       27.8    0
L_AR    -5558   1528    118     0       22.9    0
L_AFE   -7877   13757   117     0       5.6     0
L_AAA   -5423   3681    -118    0       5.51    0

R_HFE   -19673  18521   118     0       27.9    0
R_HAA   -4904   -2415   -118    0       5.58    0
R_HFR   -6211   7488    119     0       1       0
R_KFE   -22139  15315   -117    0       27.6    0
R_AR    -1027   5129    118     0       22.8    0
R_AFE   -12610  8894    119     0       5.53    0
R_AAA   -2253   8749    -118    0       5.56    0

B_TR    -1280   3461    -119    0       5.49    0
B_TAA   -12748  -3339   -117    0       18.4    0
B_TFE   -1627   6597    -117    0       15.5    0
